#t/tau	dx	dy	dz	ds^2	
0	-0.23618	-2.94811	-9.52095	99.3956	
0.1	-151.83	53.4651	-522.737	299165	
0.2	-23.3516	-23.9084	-768.617	591889	
0.3	-142.717	-137.822	-1275.01	1.665e+06	
0.4	-6.73807	-199.845	-1316.65	1.77356e+06	
0.5	-365.569	-97.4447	-562.52	459565	
0.6	-561.418	-681.347	-1121.78	2.03782e+06	
0.7	-181.664	-549.284	-894.287	1.13446e+06	
0.8	-339.19	-667.182	-839.184	1.26441e+06	
0.9	-224.623	-502.924	-961.521	1.22791e+06	
1	-486.402	-365.545	-1420.99	2.38943e+06	
1.1	-414.909	-468.039	-896.545	1.195e+06	
1.2	-556.783	-817.886	-421.743	1.15681e+06	
1.3	-492.275	-884.249	-528.673	1.30373e+06	
1.4	-137.043	-1047.51	-402.144	1.27778e+06	
1.5	-237.961	-938.356	-490.127	1.17736e+06	
1.6	-184.391	-896.057	-848.385	1.55667e+06	
1.7	-313.464	-865.548	-366.511	981763	
1.8	-619.453	-793.072	-174.088	1.04299e+06	
1.9	-863.968	-725.238	-424.668	1.45275e+06	
2	-937.768	-926.823	-545.185	2.03564e+06	
2.1	-760.463	-714.456	-1427.99	3.12791e+06	
2.2	-540.358	-611.525	-892.221	1.46201e+06	
2.3	-611.392	-357.615	-747.616	1.06062e+06	
2.4	-325.103	-126.375	-1049.92	1.22399e+06	
2.5	-93.316	-138.171	-1636.66	2.70645e+06	
2.6	-6.20532	-0.287886	-1401.01	1.96288e+06	
2.7	24.7983	-59.786	-1622.37	2.63629e+06	
2.8	-164.791	-63.0629	-1390.7	1.96517e+06	
2.9	-113.705	-452.487	-1474.19	2.39092e+06	
3	-64.0949	-395.85	-1214.15	1.63498e+06	
3.1	-312.885	-520.432	-691.45	846849	
3.2	-137.745	-543.111	-919.621	1.15965e+06	
3.3	-112.388	-482.409	-885.03	1.02863e+06	
3.4	-259.284	-424.935	-877.302	1.01746e+06	
3.5	-381.147	-336.483	-748.549	818820	
3.6	-401.825	-329.348	-886.635	1.05606e+06	
3.7	-285.018	-85.7691	-1477.17	2.27062e+06	
3.8	-417.805	-95.5329	-1286.85	1.83967e+06	
3.9	-551.635	41.1543	-1456.97	2.42875e+06	
4	-659.503	279.965	-1287.11	2.16998e+06	
4.1	-907.685	184.316	-2014.1	4.91447e+06	
4.2	-941.877	491.159	-1659.24	3.88144e+06	
4.3	-858.221	580.097	-2023.94	5.16939e+06	
4.4	-1081.66	344.684	-1938.62	5.04703e+06	
4.5	-959.126	416.307	-1009.31	2.11195e+06	
4.6	-1272.37	653.917	-1419.62	4.06188e+06	
4.7	-1293.93	694.86	-1384.79	4.07473e+06	
4.8	-1333.79	789.898	-1746.25	5.45232e+06	
4.9	-1474.27	637.243	-2306.19	7.89805e+06	
5	-1351.81	572.55	-2648.61	9.17031e+06	
5.1	-1688.34	661.081	-2359.45	8.85454e+06	
5.2	-1624.18	673.772	-2891.39	1.1452e+07	
5.3	-1707.26	514.489	-3194.75	1.33858e+07	
5.4	-1967.44	564.259	-3249.62	1.47493e+07	
5.5	-1963.58	618.983	-2745.38	1.17759e+07	
5.6	-2012.73	359.271	-2650.19	1.12037e+07	
5.7	-1976.03	825.333	-2707.33	1.19155e+07	
5.8	-1876.65	983.511	-2744.38	1.20208e+07	
5.9	-1958.32	846.231	-2310.58	9.8899e+06	
6	-1898.47	807.338	-2334.05	9.70379e+06	
6.1	-1414.42	845.087	-2064	6.97485e+06	
6.2	-1419.23	1004.24	-2692.47	1.02721e+07	
6.3	-1638.6	1322.19	-3322.01	1.54689e+07	
6.4	-1737.91	1624.17	-3575.16	1.844e+07	
6.5	-2038.11	1373.63	-3735.76	1.99967e+07	
6.6	-2189.96	1357.24	-3619.4	1.97381e+07	
6.7	-2194.1	1328.25	-3175.32	1.6661e+07	
6.8	-2229.21	1271.62	-2770.79	1.42637e+07	
6.9	-2262.63	1118.45	-2841.77	1.44461e+07	
7	-2186.04	1396.41	-3218.18	1.70854e+07	
7.1	-2179.71	1423.98	-3220.48	1.71503e+07	
7.2	-1947.31	1408.34	-2532.99	1.21914e+07	
7.3	-2241.59	1619.38	-2988.02	1.65754e+07	
7.4	-2147.19	1772.26	-2991.86	1.67025e+07	
7.5	-2329.54	1774.87	-3374.4	1.99635e+07	
7.6	-2314.82	1952.14	-3383.31	2.0616e+07	
7.7	-2403.9	2075.96	-3200.48	2.03314e+07	
7.8	-2267.27	2198.89	-3081.88	1.94736e+07	
7.9	-2608.68	2540.59	-3222.61	2.3645e+07	
8	-2208.06	2556.17	-3536.68	2.39176e+07	
8.1	-2511.05	2342.07	-3745.87	2.58222e+07	
8.2	-2597.08	1927.67	-3912.99	2.57722e+07	
8.3	-2653.93	1868.98	-3830.62	2.52101e+07	
8.4	-2910.67	1770.09	-3738	2.55779e+07	
8.5	-2780.69	2081.28	-4390.59	3.13412e+07	
8.6	-2626.2	2291.22	-4172.23	2.95542e+07	
8.7	-2702.4	2212.99	-4508.86	3.25302e+07	
8.8	-2470.68	2292.28	-4526.68	3.18496e+07	
8.9	-2557.23	2549.44	-4560.27	3.38352e+07	
9	-2335.74	2873.91	-4548.83	3.44069e+07	
9.1	-2641.06	2609.41	-4449.09	3.35787e+07	
9.2	-2573.21	2707.32	-4548.68	3.46415e+07	
9.3	-2916.79	2687.21	-4962.78	4.03579e+07	
9.4	-2998.04	2549.78	-4655.43	3.71627e+07	
9.5	-3082.3	2545.86	-4640.56	3.75167e+07	
9.6	-3173.82	2920.79	-5032.38	4.3929e+07	
9.7	-3147.58	2913.59	-5136.88	4.47838e+07	
9.8	-3159.47	2922.89	-4966.57	4.31923e+07	
9.9	-3266.39	3000.24	-5009.73	4.47681e+07	
10	-3297.69	3365.11	-4727.14	4.45446e+07	
10.1	-3485.88	3468.59	-4690.1	4.61795e+07	
10.2	-3578.26	3474.45	-4826.24	4.81683e+07	
10.3	-4174.21	3351.45	-5175.24	5.54394e+07	
10.4	-4463.63	3423.11	-5516.01	6.2068e+07	
10.5	-4421.69	3376.54	-6110.67	6.82926e+07	
10.6	-4539.11	3597.43	-5761.73	6.67426e+07	
10.7	-4338.39	3471.6	-6004.59	6.69288e+07	
10.8	-4341.5	3424.17	-6109.75	6.79027e+07	
10.9	-4234.84	3596.32	-5783.75	6.43191e+07	
11	-4079.95	3231.53	-6234.16	6.59535e+07	
11.1	-4038.78	3236.68	-6500.09	6.9039e+07	
11.2	-4094.79	3208.45	-6458.91	6.8779e+07	
11.3	-4205.16	3171.29	-6192.55	6.60881e+07	
11.4	-4042.79	3117.27	-6314.59	6.59356e+07	
11.5	-4101.33	3194	-6913.85	7.48239e+07	
11.6	-4083.81	3101.86	-6114.68	6.36884e+07	
11.7	-3880.79	3138.98	-6224.75	6.36613e+07	
11.8	-4036.51	3061.27	-6736.42	7.10442e+07	
11.9	-4214.79	3287.9	-6764.75	7.43366e+07	
12	-3957.35	3064.26	-6983.04	7.38132e+07	
12.1	-3826.64	2849.09	-6705.52	6.77244e+07	
12.2	-3625.28	2949.96	-6918.85	6.97154e+07	
12.3	-3268.54	2992.36	-6919.24	6.75135e+07	
12.4	-3086.02	2973.35	-6481.75	6.03774e+07	
12.5	-2713.16	2982.52	-6189.79	5.45702e+07	
12.6	-2539.31	3026.23	-6268.75	5.49034e+07	
12.7	-2640.45	3094.69	-5661.73	4.86042e+07	
12.8	-2647.49	3037.12	-6231.43	5.5064e+07	
12.9	-2826.14	2879.27	-6437.69	5.77211e+07	
13	-2476.71	3012.67	-6153.04	5.30701e+07	
13.1	-2561.86	3018.12	-5928.59	5.08203e+07	
13.2	-2549.81	2844.92	-6167.3	5.26307e+07	
13.3	-2730.87	2899.06	-6402.05	5.68484e+07	
13.4	-2555.5	2669.03	-6474.19	5.55694e+07	
13.5	-2572.61	2590.88	-6043.75	4.98579e+07	
13.6	-2719.38	2607.09	-5111.71	4.03215e+07	
13.7	-2976.84	2462.22	-5006.21	3.99862e+07	
13.8	-2916.41	2397.66	-4675.5	3.61145e+07	
13.9	-3058.75	2423.23	-4770.54	3.79861e+07	
14	-3266.77	2298.64	-4710.92	3.81483e+07	
14.1	-3258.61	2275.34	-4769.04	3.85395e+07	
14.2	-3319.22	2110.02	-4437.96	3.51649e+07	
14.3	-3340.29	2115.96	-4119.52	3.26053e+07	
14.4	-3334.4	2098.5	-3420.7	2.72231e+07	
14.5	-3084.49	2144.31	-3330.32	2.52032e+07	
14.6	-2854.4	2390.32	-3988.6	2.97702e+07	
14.7	-2611.09	2670.47	-4183.82	3.14535e+07	
14.8	-2760.84	2630.01	-4040.11	3.08617e+07	
14.9	-2992.47	2672	-4009.84	3.21733e+07	
15	-3156.75	2515.65	-3873.1	3.12945e+07	
15.1	-3079.24	2563.28	-4105.72	3.29091e+07	
15.2	-3234.29	2600.08	-3697.06	3.08893e+07	
15.3	-3443.29	2404.89	-3631	3.08239e+07	
15.4	-3444.33	2379.06	-3469.34	2.95597e+07	
15.5	-3752.39	2650.42	-3351.29	3.23363e+07	
15.6	-3721.96	2520.48	-3220.1	3.05748e+07	
15.7	-3812.9	2302.32	-2820.37	2.77934e+07	
15.8	-3997.31	2193.1	-2597.57	2.75355e+07	
15.9	-3952.77	2037.39	-2659.26	2.6847e+07	
16	-3973.42	2320.72	-2997.19	3.0157e+07	
16.1	-3998.21	2184.8	-2405.32	2.65446e+07	
16.2	-3947.31	2074.51	-2337.57	2.53491e+07	
16.3	-4220.96	2243.83	-2396.82	2.8596e+07	
16.4	-4136.38	2137.44	-1715.74	2.4622e+07	
16.5	-4047.75	1959.1	-2085.68	2.45724e+07	
16.6	-4171.71	1880.26	-1694.81	2.38109e+07	
16.7	-4047.74	2002.35	-1563.29	2.28375e+07	
16.8	-4129.45	1861.27	-1133.66	2.18019e+07	
16.9	-4232.16	1863.86	-1421.95	2.34071e+07	
17	-3949.59	1959.25	-851.832	2.01635e+07	
17.1	-3696.39	1957.56	-976.442	1.84488e+07	
17.2	-3510.4	2133.15	-1390.16	1.88058e+07	
17.3	-3667.29	2050.91	-1750.25	2.07187e+07	
17.4	-3812.82	2052.19	-1430.98	2.07968e+07	
17.5	-3871.72	1859.8	-1533.98	2.08021e+07	
17.6	-3821.6	1917.96	-1435.97	2.03452e+07	
17.7	-4034.61	1865.12	-1641.66	2.24518e+07	
17.8	-4111.92	1842.59	-1217.1	2.17844e+07	
17.9	-4242.16	2039.46	-1378.02	2.40543e+07	
18	-4479.63	1964.54	-1046.11	2.50209e+07	
18.1	-4609.1	2349.49	-987.832	2.77397e+07	
18.2	-4509.85	2387.72	-1346.65	2.78534e+07	
18.3	-4565.11	2442.99	-1773.25	2.99528e+07	
18.4	-4676.94	2592.4	-1081.28	2.97635e+07	
18.5	-4653.87	2788.82	-764.08	3.00198e+07	
18.6	-4590.7	2527.92	-1006.74	2.84785e+07	
18.7	-4884.98	2414.13	-90.3724	2.96992e+07	
18.8	-4959.53	2689.05	-100.087	3.18379e+07	
18.9	-4973.31	2540.92	131.179	3.12072e+07	
19	-4804.69	2428.03	-95.5446	2.89895e+07	
19.1	-4590.65	2386.22	-315.154	2.68675e+07	
19.2	-4837.43	2605.83	-414.312	3.03627e+07	
19.3	-4857.21	2656.42	-387.371	3.07992e+07	
19.4	-4917.92	2709.71	-642.693	3.19416e+07	
19.5	-4842.47	2806.48	-499.416	3.15753e+07	
19.6	-4890.9	2635.72	-174.133	3.08982e+07	
19.7	-4869.56	2656.77	-507.808	3.10289e+07	
19.8	-4820.38	2619.23	-667.343	3.05418e+07	
19.9	-4874.74	2627.42	-1265.79	3.22686e+07	
20	-4759.5	2707.1	-1581.22	3.24815e+07	
20.1	-4743.06	2620.49	-1552	3.17723e+07	
20.2	-4749.87	2477.5	-1752.16	3.17694e+07	
20.3	-4708.62	2515.8	-1705.62	3.14095e+07	
20.4	-4731.89	2492.81	-1095.02	2.98039e+07	
20.5	-4523.86	2834.82	-801.667	2.91442e+07	
20.6	-4396.32	2993.1	-1061.36	2.94128e+07	
20.7	-4432.64	3207.87	-985.879	3.09106e+07	
20.8	-4241.27	3341.82	-896.631	2.99601e+07	
20.9	-4068.05	2977.7	-595.694	2.57706e+07	
21	-4052.21	3086.65	-999.781	2.69474e+07	
21.1	-4236.96	3234.24	-1206.97	2.98689e+07	
21.2	-3644.78	3364.5	-1488.26	2.68192e+07	
21.3	-3837.26	3318.66	-1380.2	2.76431e+07	
21.4	-3733.44	2970.8	-1238.64	2.42985e+07	
21.5	-3755.69	3070.75	-1797.15	2.67644e+07	
21.6	-3538.44	2818.94	-2066.05	2.47355e+07	
21.7	-3575.93	2795.13	-2611.94	2.74223e+07	
21.8	-4085.88	2638.2	-2589.62	3.03607e+07	
21.9	-3986.82	2629.03	-2780.63	3.05384e+07	
22	-4040.66	2701	-2570.57	3.02301e+07	
22.1	-4376.49	2801.6	-2861.46	3.51905e+07	
22.2	-4478.58	2768.83	-3244.96	3.82539e+07	
22.3	-4209.68	2770.77	-3161.21	3.53918e+07	
22.4	-4564.39	2870.07	-3744.79	4.30944e+07	
22.5	-4457.62	2774.4	-4352.85	4.6515e+07	
22.6	-4436.45	2911.86	-4236.22	4.61065e+07	
22.7	-4383.89	3226.24	-4361.24	4.86475e+07	
22.8	-4612.87	3303.29	-4333.53	5.09698e+07	
22.9	-4585.59	3341.14	-4043.81	4.85432e+07	
23	-4669.9	3523.21	-4198.08	5.18449e+07	
23.1	-4543.21	3487.07	-3772.6	4.70329e+07	
23.2	-4519.37	3443.36	-4086.42	4.89802e+07	
23.3	-4699.43	3564.83	-3797.2	4.92115e+07	
23.4	-4928.55	3557.06	-3600.07	4.99038e+07	
23.5	-5041.36	3504.91	-4339.76	5.65332e+07	
23.6	-5248.81	3414.52	-4432.05	5.8852e+07	
23.7	-5176.02	3249.13	-4679.71	5.92477e+07	
23.8	-5207.91	3049.01	-5193.31	6.33892e+07	
23.9	-5200.44	2866.24	-5379.03	6.41939e+07	
24	-5155.56	2929.79	-5461.98	6.49967e+07	
24.1	-5027.61	2929.59	-5410.75	6.31356e+07	
24.2	-4933.4	2643.34	-4981.07	5.61368e+07	
24.3	-4934.6	2553.18	-4747.24	5.34053e+07	
24.4	-4540.31	2441.03	-5246.39	5.40977e+07	
24.5	-4378.9	2625.46	-5649	5.7979e+07	
24.6	-4170.3	2670.17	-5172.93	5.12804e+07	
24.7	-3978.26	2640.38	-4348.75	4.17097e+07	
24.8	-3939.45	2896.51	-4289.36	4.23076e+07	
24.9	-4136.05	3004.8	-3793.36	4.05253e+07	
25	-4056.12	2941.9	-3709.7	3.88688e+07	
25.1	-4168.85	2989.95	-4257.07	4.44418e+07	
25.2	-4098.39	3036.12	-4045.1	4.23776e+07	
25.3	-3822.83	3059.17	-3871.08	3.89578e+07	
25.4	-3415.33	3197.34	-3284.7	3.26767e+07	
25.5	-3361.04	3003.4	-3178.2	3.0418e+07	
25.6	-3669.48	2858.14	-2770.32	2.93088e+07	
25.7	-3785.25	2710.28	-3228.76	3.20986e+07	
25.8	-3789.4	2849.68	-3358.06	3.37569e+07	
25.9	-3925.95	2791.37	-3254.64	3.37975e+07	
26	-3848.56	2635.63	-2958.9	3.0513e+07	
26.1	-3769.96	2469	-1994.18	2.42853e+07	
26.2	-3292.46	2195.01	-1719.8	1.86161e+07	
26.3	-3488.52	2581.58	-2123.22	2.33424e+07	
26.4	-3555.73	2873.74	-2414.93	2.67335e+07	
26.5	-3657	2541.99	-2560.33	2.63906e+07	
26.6	-3680.82	2763.22	-2253.09	2.62603e+07	
26.7	-3408.72	2633.92	-2834.53	2.65915e+07	
26.8	-3694.08	2441.57	-2975.66	2.84621e+07	
26.9	-3472.35	2192.79	-3110.42	2.65403e+07	
27	-3853.03	2563.33	-2800.7	2.92604e+07	
27.1	-3901.26	2973.39	-2497.18	3.02968e+07	
27.2	-3868.06	3158.22	-2065.38	2.9202e+07	
27.3	-3972.12	2965.28	-2675.05	3.17265e+07	
27.4	-3550.18	2979.73	-2987.22	3.0406e+07	
27.5	-3749.54	2698.97	-2627.65	2.8248e+07	
27.6	-3725.96	2693.44	-2383.44	2.68182e+07	
27.7	-3891.26	3139.6	-2533.58	3.1418e+07	
27.8	-4079.6	3138.13	-2543.65	3.29611e+07	
27.9	-4067.75	3007.29	-3269.29	3.62786e+07	
28	-3816.98	3303.61	-2773.7	3.31766e+07	
28.1	-3800.81	3207.56	-2075.58	2.90426e+07	
28.2	-3650.97	3546.82	-2404.54	3.16913e+07	
28.3	-3835.82	3369.98	-2789.7	3.38527e+07	
28.4	-4004.7	3418.78	-2421.12	3.35875e+07	
28.5	-4028.43	3271.42	-2556.18	3.34645e+07	
28.6	-4018.05	3215.21	-2449.05	3.24801e+07	
28.7	-4345.4	3140.04	-2940.94	3.73915e+07	
28.8	-4304.58	3072.21	-3769.36	4.21759e+07	
28.9	-4417.74	3122.78	-4066.49	4.58045e+07	
29	-4422.97	3121.69	-3822.18	4.39166e+07	
29.1	-4488.05	3141.04	-3771.42	4.42323e+07	
29.2	-4533.75	3279.44	-3622.9	4.4435e+07	
29.3	-4576.59	3403.15	-4155.78	4.97972e+07	
29.4	-4296.07	3232.92	-3497.29	4.1139e+07	
29.5	-4170.42	3140.67	-2358.76	3.28199e+07	
29.6	-4206.62	2886.04	-2287.22	3.12563e+07	
29.7	-4475.95	3153.79	-1951.51	3.37889e+07	
29.8	-4785.5	3238.29	-2261.26	3.85008e+07	
29.9	-4673.61	3237.39	-1874.6	3.58375e+07	
30	-4800.2	3426.8	-1958.73	3.86215e+07	
30.1	-4870.29	3464.17	-1877.22	3.92441e+07	
30.2	-5011.49	3433.2	-1544.87	3.92885e+07	
30.3	-5378.13	3524.93	-1455.02	4.34665e+07	
30.4	-5592.32	3706.18	-2165.54	4.96993e+07	
30.5	-5604.09	3890.69	-1946.6	5.03325e+07	
30.6	-5445.58	3955.74	-1999.16	4.92988e+07	
30.7	-5761.54	3921.03	-1404.44	5.05423e+07	
30.8	-5887.06	4186.55	-1835.48	5.55537e+07	
30.9	-6310.84	4442.58	-1791.97	6.27744e+07	
31	-6391.84	4496.47	-1791.18	6.42821e+07	
31.1	-6425.01	4355.78	-1542.4	6.26327e+07	
31.2	-6521.14	4170.12	-1703.78	6.28181e+07	
31.3	-6385.93	4152.06	-2083.25	6.23596e+07	
31.4	-6362.44	4262.88	-1332.16	6.04274e+07	
31.5	-6257.57	4321.95	-956.1	5.87505e+07	
31.6	-6307.42	4270.17	-1075.65	5.9175e+07	
31.7	-6331.69	4202.43	-1212.84	5.92217e+07	
31.8	-6591.81	4588.8	-1330.35	6.62788e+07	
31.9	-6487.58	4835.22	-1381.83	6.73775e+07	
32	-6687.14	5149.83	-853.259	7.19667e+07	
32.1	-6841.77	5240.56	-1051.03	7.5378e+07	
32.2	-7032.56	5182.67	-697.091	7.68029e+07	
32.3	-6939.56	5162.97	-798.733	7.54517e+07	
32.4	-6908.9	4889.07	-747.561	7.21947e+07	
32.5	-7157.62	4684.35	-1021.65	7.42185e+07	
32.6	-7248.68	4443.04	-442.16	7.24796e+07	
32.7	-7206.37	4436.88	-317.606	7.17186e+07	
32.8	-7018.99	4617.53	-371.054	7.07254e+07	
32.9	-7022.36	4594.39	-340.689	7.05381e+07	
33	-7158.61	4681.11	-945.31	7.40521e+07	
33.1	-7162.84	4552.29	-383.47	7.21766e+07	
33.2	-7040.15	4494.84	-784.161	7.03822e+07	
33.3	-6882.48	4750.08	-833.045	7.06258e+07	
33.4	-6876.87	4630.75	-820.722	6.94088e+07	
33.5	-6851.17	4710.74	-688.768	6.9604e+07	
33.6	-6839.8	4771.72	-1195.28	7.09809e+07	
33.7	-6795.36	4640.45	-1347.71	6.9527e+07	
33.8	-6952.39	4331.05	-1664.13	6.9863e+07	
33.9	-7020.16	4782.72	-1993.52	7.61311e+07	
34	-7049.09	4942.53	-1869.09	7.76117e+07	
34.1	-7396.08	5368.16	-1461.55	8.56553e+07	
34.2	-7466.53	5475.74	-1078.43	8.68959e+07	
34.3	-7380.33	5538.55	-985.268	8.61156e+07	
34.4	-7322.42	5443	-902.114	8.40579e+07	
34.5	-7236.41	5171.84	-1091.58	8.03051e+07	
34.6	-7083.6	5118.04	-687.952	7.68451e+07	
34.7	-7176.07	4971.13	-1090.17	7.73966e+07	
34.8	-7123.93	4790.37	-385.669	7.38467e+07	
34.9	-6997.86	4880.1	-185.163	7.28196e+07	
35	-6907.9	4913.87	-549.66	7.21673e+07	
35.1	-6936.81	4824.31	-759.711	7.19705e+07	
35.2	-6846.26	5031.22	-753.368	7.2752e+07	
35.3	-6796.17	4953.29	-588.581	7.10695e+07	
35.4	-7054.74	5011.04	-468.831	7.50997e+07	
35.5	-6972.27	4893.96	-155.517	7.25876e+07	
35.6	-6977.28	5021.95	-1050.47	7.50059e+07	
35.7	-6919.09	4919.26	-557.046	7.23831e+07	
35.8	-7021.51	4910.27	-1082.12	7.45834e+07	
35.9	-6912.02	4806.27	-653.711	7.13037e+07	
36	-7009.37	4887.27	-1123.13	7.42781e+07	
36.1	-6800.97	4916.57	-1125.45	7.16926e+07	
36.2	-6824.64	4916.71	-1412.04	7.27437e+07	
36.3	-7009.71	4723.45	-2151.23	7.60747e+07	
36.4	-6943.92	4560.58	-2521.64	7.53756e+07	
36.5	-6830.81	4761.71	-2749.53	7.68938e+07	
36.6	-6875.2	4831.96	-3110.49	8.02913e+07	
36.7	-6711.41	4710.01	-3263.11	7.78751e+07	
36.8	-6831.8	4923.73	-3075.79	8.03772e+07	
36.9	-6607.27	4966.68	-3593.13	8.12346e+07	
37	-6763.68	4897.83	-3527.08	8.21764e+07	
37.1	-6247.49	5149.21	-3457.66	7.75009e+07	
37.2	-6074.24	5187.58	-3279.46	7.45622e+07	
37.3	-5967.48	5075.25	-3394.39	7.28909e+07	
37.4	-6052.65	5188.34	-2935.41	7.21702e+07	
37.5	-6149.26	4993.65	-3074.13	7.22002e+07	
37.6	-6197.9	4845.16	-3316.9	7.28914e+07	
37.7	-6192.38	4887.69	-2937.89	7.08663e+07	
37.8	-6106.79	4828.78	-2840.95	6.86809e+07	
37.9	-6501.36	5098.63	-2974.1	7.71089e+07	
38	-6449.78	5101.32	-3266.65	7.82941e+07	
38.1	-6476.87	5013.68	-3351.66	7.83204e+07	
38.2	-6398.77	5085.07	-3373.39	7.8182e+07	
38.3	-6591.67	4831.52	-4148.55	8.40042e+07	
38.4	-6815.25	4811.51	-3578.64	8.24049e+07	
38.5	-6611.82	4543.62	-3483.26	7.64938e+07	
38.6	-6960.53	4502.31	-3049.1	7.80168e+07	
38.7	-6811.91	4320.24	-2906.15	7.35124e+07	
38.8	-6518.04	4231.12	-3094.8	6.99651e+07	
38.9	-6333.95	4340.44	-3189.82	6.91332e+07	
39	-6729.93	4238.25	-2934.65	7.18668e+07	
39.1	-6994.9	4272.77	-2646.36	7.41884e+07	
39.2	-6758.18	4250.51	-2827.67	7.17356e+07	
39.3	-6827.48	4177.6	-2492.92	7.02815e+07	
39.4	-6962.28	3624.78	-1685.73	6.4454e+07	
39.5	-6693.08	3591.45	-1606.91	6.02781e+07	
39.6	-6688.08	3578.76	-1624.84	6.0178e+07	
39.7	-6471.18	3634.72	-1472.01	5.72542e+07	
39.8	-6639.73	3618.6	-1657.32	5.9927e+07	
39.9	-6548.75	3400.86	-1085.47	5.56302e+07	
40	-6439.13	3466.87	-976.592	5.44354e+07	
40.1	-6312.31	3167.53	-1378.89	5.17799e+07	
40.2	-6618.23	3152.26	-854.292	5.44675e+07	
40.3	-6650.18	3056.04	-304.549	5.36571e+07	
40.4	-6478.31	3248.09	-801.974	5.31618e+07	
40.5	-6394.34	3208.66	-508.977	5.14422e+07	
40.6	-6240.69	3320.34	-196.399	5.00094e+07	
40.7	-6201.46	3085.38	309.662	4.80735e+07	
40.8	-6372.39	3269.99	169.166	5.13288e+07	
40.9	-6736.68	3235.93	714.823	5.63651e+07	
41	-6849.67	2996.07	566.364	5.62152e+07	
41.1	-6818.8	3010.04	288.589	5.56397e+07	
41.2	-7030	3224.17	288.55	5.98995e+07	
41.3	-6857.74	3264.39	610.683	5.80578e+07	
41.4	-6727.67	3152.48	852.59	5.59265e+07	
41.5	-6415.07	3089.93	1293.3	5.23734e+07	
41.6	-6653.69	3272.8	2118.51	5.94709e+07	
41.7	-6736.9	3337.93	1452.39	5.8637e+07	
41.8	-6596.59	2960.12	986.335	5.32502e+07	
41.9	-6463.35	2954.72	995.296	5.14959e+07	
42	-6444.23	2752.39	734.043	4.96426e+07	
42.1	-6354.62	2955.16	560.056	4.94278e+07	
42.2	-6264.52	3416	816.436	5.15798e+07	
42.3	-6216.51	3547.56	881.932	5.2008e+07	
42.4	-5916.04	3733.78	998.725	4.99382e+07	
42.5	-5513.78	3641.17	1332.25	4.54347e+07	
42.6	-5356.37	3883.7	1274.92	4.53992e+07	
42.7	-5151.71	3936.64	910.346	4.2866e+07	
42.8	-5247.59	3874.12	944.422	4.34379e+07	
42.9	-5487.88	3995.01	748.555	4.66373e+07	
43	-5498.08	4156.64	477.474	4.77345e+07	
43.1	-5561.54	3848.66	420.094	4.59194e+07	
43.2	-5528.08	3882.76	834.789	4.63323e+07	
43.3	-5727.47	3933.96	517.95	4.85483e+07	
43.4	-5774.06	4158.88	-51.722	5.06387e+07	
43.5	-6037.72	4045.37	-64.7572	5.28233e+07	
43.6	-6067.18	4183.2	-443.827	5.45068e+07	
43.7	-5992.38	3861.9	-427.9	5.10059e+07	
43.8	-6113.27	3580.85	-262.443	5.02634e+07	
43.9	-5857.72	3558.17	-642.086	4.73858e+07	
44	-5865.5	3549.97	-722.929	4.75291e+07	
44.1	-5824.75	3786	-264.84	4.83317e+07	
44.2	-5833.09	3758.53	-664.187	4.85926e+07	
44.3	-6204.46	3903.52	-696.36	5.42178e+07	
44.4	-6067.47	3818.94	-614.595	5.17762e+07	
44.5	-6050.93	3835.41	-607.735	5.16935e+07	
44.6	-5987.54	3505.36	-1187.44	4.95481e+07	
44.7	-5960.45	3495.84	-1110.13	4.89802e+07	
44.8	-5842.49	3709.97	-1464.69	5.00439e+07	
44.9	-5772.13	3874.66	-1762.53	5.1437e+07	
45	-5471.66	3736.04	-2516.79	5.02312e+07	
45.1	-5677.15	3857.83	-2570.29	5.37193e+07	
45.2	-5742.52	3558.69	-2580.83	5.23015e+07	
45.3	-5385.58	3548.63	-2268.19	4.6742e+07	
45.4	-5291.36	3536.03	-2486.08	4.66825e+07	
45.5	-5242.5	3336.62	-2617.45	4.54679e+07	
45.6	-5151.76	3387.08	-2625.19	4.49046e+07	
45.7	-4851.11	3017.66	-2995.93	4.16151e+07	
45.8	-4654.84	2953.49	-3535.06	4.28872e+07	
45.9	-4518.94	2905.25	-2882.86	3.71722e+07	
46	-4898.38	3026.65	-2938.47	4.17893e+07	
46.1	-4827.64	2878.66	-3108.86	4.12578e+07	
46.2	-4782.43	2696.16	-3584.02	4.2986e+07	
46.3	-4910.31	2743.31	-3569.83	4.43806e+07	
46.4	-4887.3	2873.05	-3717.01	4.59562e+07	
46.5	-4614.74	3177.54	-3395.79	4.2924e+07	
46.6	-4621.64	3102.17	-3170.78	4.10369e+07	
46.7	-4591.56	3010.02	-2981.98	3.90349e+07	
46.8	-4627.09	3235.79	-2914.54	4.03748e+07	
46.9	-4384.42	3123.85	-2694.71	3.6243e+07	
47	-4505.73	3440.96	-2941.33	4.07932e+07	
47.1	-4329.21	3115.02	-3312.18	3.94159e+07	
47.2	-4241.85	3334.15	-3095.95	3.86948e+07	
47.3	-4230.59	3270.45	-2977.06	3.74567e+07	
47.4	-4039.6	3304.12	-3248.21	3.77864e+07	
47.5	-3500.89	3317.93	-3168.67	3.33054e+07	
47.6	-3542.24	3270.04	-3129.22	3.30327e+07	
47.7	-3841.48	3158.14	-2455.1	3.07583e+07	
47.8	-3847.37	2975.84	-2091.82	2.80335e+07	
47.9	-3661.1	2926.81	-1905.14	2.55994e+07	
48	-3624.69	3193.86	-1521.5	2.56541e+07	
48.1	-3565.56	3114.32	-1837.81	2.57898e+07	
48.2	-3250.17	3168.31	-1789.79	2.38052e+07	
48.3	-3409.23	3225.01	-1954.83	2.58449e+07	
48.4	-3407.11	3303.99	-2087.54	2.68826e+07	
48.5	-3710.49	3455.54	-1855.55	2.91515e+07	
48.6	-3779.15	3480.73	-1650.27	2.91208e+07	
48.7	-3723.68	3637.13	-1825.23	3.0426e+07	
48.8	-3688.93	3346.52	-2572.22	3.14237e+07	
48.9	-3478.72	3094.82	-2753.6	2.92618e+07	
49	-3537.73	3192.17	-3275.02	3.34312e+07	
49.1	-3193.53	3138.17	-3171.44	3.01048e+07	
49.2	-3129.14	3204.87	-2687.17	2.72836e+07	
49.3	-3118.84	3343.41	-3276.71	3.16424e+07	
49.4	-3377.45	3346.73	-3480.82	3.47239e+07	
49.5	-3435.67	3320.89	-3306.44	3.37646e+07	
49.6	-3291.43	3266.46	-3972.07	3.72806e+07	
49.7	-3176.93	3009.56	-4227.51	3.70222e+07	
49.8	-3012.52	2907.22	-4292.05	3.59489e+07	
49.9	-3279.78	2727.54	-4110.25	3.50906e+07	
50	-2987.97	2856.82	-4125.9	3.41125e+07	
50.1	-3032.94	2908.3	-4208.56	3.5369e+07	
50.2	-3000.43	2699.6	-4079.85	3.29356e+07	
50.3	-3244.46	2325.25	-4578.23	3.68935e+07	
50.4	-3302.31	2418.69	-4795.72	3.97543e+07	
50.5	-3545.33	2543.81	-4859.59	4.2656e+07	
50.6	-3237.24	2302.42	-4714.04	3.8003e+07	
50.7	-3167.04	2092.33	-5001.39	3.94219e+07	
50.8	-3122.78	1982.86	-5464.05	4.35393e+07	
50.9	-2965.27	1938.51	-5201.9	3.96104e+07	
51	-2788.1	1777.56	-4563.1	3.17551e+07	
51.1	-3014.07	1814.63	-3740.7	2.63703e+07	
51.2	-2996.89	1951.32	-3844.92	2.75724e+07	
51.3	-3064.09	2140.05	-3458.1	2.59269e+07	
51.4	-3080.05	1859.96	-3822.02	2.7554e+07	
51.5	-3092	2105.21	-3794.14	2.83878e+07	
51.6	-3496.59	1847.84	-3345.19	2.68309e+07	
51.7	-3658.7	1486.61	-3257.95	2.62103e+07	
51.8	-3681.08	1655.31	-3232.87	2.67418e+07	
51.9	-3750.28	1846.98	-3162.97	2.74803e+07	
52	-3846.38	2100.73	-2385.39	2.48978e+07	
52.1	-3542.37	2031.36	-2650.6	2.37004e+07	
52.2	-3341.11	2191.66	-2916.01	2.44694e+07	
52.3	-3116.21	2189.7	-2683.05	2.17043e+07	
52.4	-3358.56	2292.14	-2925.43	2.5092e+07	
52.5	-3427.8	2104.27	-2479.32	2.23248e+07	
52.6	-3376.98	2213.11	-2582.15	2.29693e+07	
52.7	-3524.93	2163.93	-2510.1	2.34083e+07	
52.8	-3346.77	2178.34	-3167.73	2.59805e+07	
52.9	-3265.94	1981.37	-3841.86	2.93521e+07	
53	-3142.2	2090.2	-3511.07	2.657e+07	
53.1	-2957.64	1983.09	-3273.94	2.3399e+07	
53.2	-3062.2	1935.4	-3395.09	2.46495e+07	
53.3	-3294.92	1802.27	-3981.97	2.99608e+07	
53.4	-3241.77	1899.24	-3931.31	2.95713e+07	
53.5	-3158.03	1951.37	-3295.47	2.46411e+07	
53.6	-2996.66	1855.82	-3204.19	2.26909e+07	
53.7	-2975.81	1792.32	-3244.26	2.25931e+07	
53.8	-2848.42	1580.07	-2572.01	1.72254e+07	
53.9	-2705.58	1526.43	-2600.06	1.64104e+07	
54	-2604.35	1379.46	-2543.35	1.51542e+07	
54.1	-2403.52	1219.91	-2038.22	1.14194e+07	
54.2	-2742.63	1377.35	-1879.86	1.2953e+07	
54.3	-2818.52	1291.14	-1854.67	1.30509e+07	
54.4	-3151.88	1009.98	-1429.37	1.29975e+07	
54.5	-3193.92	677.953	-1161.37	1.20095e+07	
54.6	-2827.95	674.461	-66.9511	8.45669e+06	
54.7	-2916.84	745.007	-831.097	9.75374e+06	
54.8	-3024.81	625.098	-238.259	9.59697e+06	
54.9	-3231.12	566.355	-605.482	1.11275e+07	
55	-3374.67	490.071	-875.083	1.23943e+07	
55.1	-3383.37	198.958	-1392.07	1.34247e+07	
55.2	-3412.82	530.335	-1702.87	1.48284e+07	
55.3	-3294.6	393.847	-1732.28	1.40103e+07	
55.4	-3359.86	353.399	-2189.06	1.62055e+07	
55.5	-3361.78	397.353	-2610.59	1.82746e+07	
55.6	-3246.58	324.44	-3258.51	2.12634e+07	
55.7	-3206.85	407.361	-3621.74	2.35668e+07	
55.8	-3407.7	514.249	-3243.5	2.23971e+07	
55.9	-3392.29	606.498	-3340.33	2.30332e+07	
56	-3486.74	820.528	-3534.91	2.53263e+07	
56.1	-3583.91	832.111	-3940.81	2.90668e+07	
56.2	-3651.03	1369.86	-4238.36	3.31703e+07	
56.3	-3380.39	1568.87	-4984.48	3.87334e+07	
56.4	-3571.17	1778.12	-5146.55	4.2402e+07	
56.5	-3470.03	1781.85	-5256.35	4.28454e+07	
56.6	-3413.48	1791.62	-5511.27	4.52358e+07	
56.7	-3637.46	1750.56	-5115.89	4.24679e+07	
56.8	-3607.3	1852.2	-5601.27	4.78175e+07	
56.9	-3633.24	1822.78	-5379.28	4.54597e+07	
57	-3390.22	2108.02	-5192.75	4.2902e+07	
57.1	-3570.44	1842.33	-4292.37	3.45667e+07	
57.2	-3534.13	1821.02	-3551.67	2.84205e+07	
57.3	-3516.63	1543.33	-3324.16	2.57985e+07	
57.4	-3334.88	1910.68	-2669.01	2.18957e+07	
57.5	-3262.76	1783.12	-2860.98	2.20103e+07	
57.6	-2859.93	1792.8	-2831.6	1.94113e+07	
57.7	-3019.04	1584.88	-3260.05	2.22544e+07	
57.8	-2829.48	1624.57	-4285	2.90064e+07	
57.9	-2628.41	1661.29	-3748.54	2.372e+07	
58	-2602.53	1859.01	-3235.78	2.06994e+07	
58.1	-2531.69	2146.27	-2717.14	1.83988e+07	
58.2	-2408.64	2191.58	-2821.03	1.85628e+07	
58.3	-2172.36	2316.72	-3065.11	1.94812e+07	
58.4	-2349.22	2644.16	-3261.09	2.31451e+07	
58.5	-2293	2643.61	-2813.55	2.01625e+07	
58.6	-2385.26	2654.06	-2715.17	2.01056e+07	
58.7	-2493.82	2840.62	-2781.83	2.20268e+07	
58.8	-2231.39	2525.17	-3294.99	2.22125e+07	
58.9	-2065.28	2209.56	-2992.07	1.81e+07	
59	-2207.65	2263.31	-3150.58	1.99224e+07	
59.1	-2150.09	2414.1	-3393.9	2.19694e+07	
59.2	-2338.7	2490.12	-3584.44	2.45184e+07	
59.3	-1924.35	2574.72	-3539.42	2.28598e+07	
59.4	-2008.88	2519.48	-3481.6	2.25049e+07	
59.5	-2033.72	2471.01	-3078.33	1.9718e+07	
59.6	-1852.57	2374.5	-3101.38	1.86888e+07	
59.7	-1828.9	2397.47	-2576.12	1.57292e+07	
59.8	-1940.57	2197.48	-2941.45	1.72468e+07	
59.9	-2163.2	2556.22	-2721.23	1.86188e+07	
60	-2295.83	2832.75	-3053.59	2.26197e+07	
60.1	-2317.33	2727.63	-2714.6	2.0179e+07	
60.2	-2081.68	2829.94	-3236.06	2.2814e+07	
60.3	-2361.37	2749.83	-3149.73	2.30585e+07	
60.4	-2108.42	2582.46	-2768.81	1.87809e+07	
60.5	-2236.54	2456.46	-1711.12	1.39643e+07	
60.6	-2285.58	2705.93	-1385.54	1.44656e+07	
60.7	-2478.86	2897.62	-787.767	1.51615e+07	
60.8	-2729.45	2699.91	-591.176	1.50889e+07	
60.9	-2389.3	2712.11	-664.89	1.35064e+07	
61	-2342.53	2727.01	-1064.42	1.4057e+07	
61.1	-2419.79	2846.56	-628.211	1.4353e+07	
61.2	-2415.97	2919.23	-390.703	1.45115e+07	
61.3	-2301.27	3008.65	-334.655	1.44598e+07	
61.4	-2257.64	2913.39	177.885	1.36165e+07	
61.5	-2102.87	3068.04	-160.005	1.38605e+07	
61.6	-2491.98	2910.13	-21.4824	1.46793e+07	
61.7	-2490.99	2836.04	541.891	1.45418e+07	
61.8	-2448.33	2988	680.469	1.53855e+07	
61.9	-2765.8	3095.81	362.787	1.73653e+07	
62	-2753.68	3299.02	-131.094	1.84835e+07	
62.1	-2743.18	3351.51	186.147	1.87923e+07	
62.2	-2857.3	3153.42	-53.2354	1.81111e+07	
62.3	-2457.41	3318.5	-134.696	1.70695e+07	
62.4	-2398.72	3119.89	-109.377	1.54995e+07	
62.5	-2299.17	3034.31	-77.8575	1.44993e+07	
62.6	-2406.42	2976.35	-163.423	1.46762e+07	
62.7	-2609.8	2781.51	-272.568	1.46221e+07	
62.8	-2620.04	2795.36	-285.413	1.47601e+07	
62.9	-2809.49	2582.24	-211.703	1.4606e+07	
63	-2942.48	2635.68	-716.307	1.61181e+07	
63.1	-2637.39	2432.47	-409.755	1.30406e+07	
63.2	-2748.35	2458.94	-616.258	1.39796e+07	
63.3	-3067.77	2401.86	-698.786	1.56685e+07	
63.4	-2906.36	2435.5	-857.755	1.51143e+07	
63.5	-3047.37	2522.58	-528.873	1.59296e+07	
63.6	-2966.49	2709.89	-699.692	1.66331e+07	
63.7	-3047.71	2883.44	-823.201	1.82805e+07	
63.8	-3081.62	3313.85	-1146.83	2.17932e+07	
63.9	-3101.96	3319.97	-1381.73	2.25536e+07	
64	-2883.41	3307.05	-1494.05	2.14828e+07	
64.1	-2630.35	3487.83	-1276.26	2.07126e+07	
64.2	-2607.37	3586.02	-1306.07	2.13637e+07	
64.3	-2853.46	3878.16	-1122.12	2.44415e+07	
64.4	-2695.37	3703.05	-693.479	2.14585e+07	
64.5	-2763.87	3575.35	-216.993	2.04692e+07	
64.6	-2705.28	3628.63	191.244	2.05221e+07	
64.7	-2671.74	3919.26	-229.313	2.25513e+07	
64.8	-3051.03	3597.23	439.64	2.24421e+07	
64.9	-2756.27	3471.15	387.988	1.97965e+07	
65	-2794.17	3241.08	550.572	1.86151e+07	
65.1	-2853.21	3284.6	396.412	1.90866e+07	
65.2	-2671.96	3069.1	458.489	1.6769e+07	
65.3	-3043.43	2944.43	573.658	1.82612e+07	
65.4	-3178.28	2855.11	619.663	1.86371e+07	
65.5	-3191.39	2990.91	843.249	1.98416e+07	
65.6	-3051.14	2758.83	972.409	1.78662e+07	
65.7	-2886	2680.34	1510.09	1.77936e+07	
65.8	-2784.58	2933.96	1538.71	1.87296e+07	
65.9	-2662.25	2951.54	1342.07	1.76003e+07	
66	-2670.46	3439.87	1159.33	2.03081e+07	
66.1	-2678.62	3186.97	850.551	1.80552e+07	
66.2	-2751.68	2976.86	1308.62	1.81459e+07	
66.3	-2610.28	3219.65	1133.32	1.84641e+07	
66.4	-2606.93	2948	1470.83	1.76501e+07	
66.5	-2769.66	2781.38	2028.55	1.95221e+07	
66.6	-2766.53	2801.27	1504.23	1.77636e+07	
66.7	-2828.95	2540.02	1612.99	1.70564e+07	
66.8	-3054.68	2716.26	2251.62	2.17789e+07	
66.9	-2989.9	2683.43	2223.14	2.10827e+07	
67	-2962.3	2495.18	2199.16	1.98374e+07	
67.1	-3264.12	2496.87	1945.09	2.06722e+07	
67.2	-3348.75	2845.37	1762.6	2.2417e+07	
67.3	-3686.56	2843.72	1365.79	2.35429e+07	
67.4	-3738.33	3042.81	1524.09	2.55566e+07	
67.5	-4065.69	3098.96	1767.89	2.92589e+07	
67.6	-4115.13	3264.64	1442.93	2.96742e+07	
67.7	-4180.68	3013.06	815.022	2.72209e+07	
67.8	-4400.69	3119.47	1204.28	3.05474e+07	
67.9	-4703.69	2927.02	1666.19	3.34683e+07	
68	-4578.01	2950.88	1509.68	3.1945e+07	
68.1	-4468.51	3094.68	1284.16	3.11937e+07	
68.2	-4265.45	2857.86	1621.65	2.89912e+07	
68.3	-4439.44	2520.48	1140.98	2.73633e+07	
68.4	-4383.39	2582.83	909.415	2.67121e+07	
68.5	-4401.57	2269.97	1128.97	2.58011e+07	
68.6	-4481.02	2380.31	1417.73	2.77554e+07	
68.7	-4521.87	2227.96	1951.19	2.92182e+07	
68.8	-4796.7	2091.27	1920.99	3.10719e+07	
68.9	-4961.87	1877.36	1838.4	3.15244e+07	
69	-4968.97	1478.98	1925.46	3.05855e+07	
69.1	-4917.82	1424.21	2089.99	3.05814e+07	
69.2	-5171.61	1513.82	2362.17	3.46171e+07	
69.3	-4987.06	1514.64	2275.77	3.2344e+07	
69.4	-4822.41	1672.87	2276.55	3.12368e+07	
69.5	-4815.35	1471.2	2752.76	3.29297e+07	
69.6	-4681.73	1447.2	3436.06	3.58195e+07	
69.7	-4884.51	1491.63	3431.95	3.78617e+07	
69.8	-4850.65	1452.89	3675.99	3.91526e+07	
69.9	-5022.04	1486.75	3377.51	3.88389e+07	
70	-5020.2	1228.21	3614.24	3.97737e+07	
70.1	-4717.65	1077.7	3390.25	3.49114e+07	
70.2	-4654.53	928.369	3438.33	3.43486e+07	
70.3	-4400.71	1014.3	3523.17	3.28077e+07	
70.4	-4143.03	859.882	3093.89	2.74762e+07	
70.5	-4246.11	1095.56	3023.84	2.83733e+07	
70.6	-4409.84	1052.58	2608.37	2.73582e+07	
70.7	-4380.88	1209.12	2176.31	2.53904e+07	
70.8	-4340.41	1207.17	2182.26	2.50587e+07	
70.9	-4346.07	936.194	2884.6	2.80857e+07	
71	-4006.85	1074.56	2106.49	2.16468e+07	
71.1	-3900.51	916.104	2214.12	2.09556e+07	
71.2	-3655.17	1115.55	2072.01	1.88979e+07	
71.3	-3747.05	1133.62	1812.63	1.86111e+07	
71.4	-3631.74	1009.59	2421.87	2.00743e+07	
71.5	-3655.09	1052.08	2676.35	2.16294e+07	
71.6	-3552.42	1083.07	2466.64	1.9877e+07	
71.7	-3759.31	1228.66	2757.93	2.32482e+07	
71.8	-3642.48	1288.47	2671.55	2.2065e+07	
71.9	-3592.34	1340.61	2526.93	2.10875e+07	
72	-3612.61	1368.64	2950.67	2.36306e+07	
72.1	-3680.26	1423.49	3042.36	2.48266e+07	
72.2	-3792.42	1447.76	3285.47	2.72728e+07	
72.3	-3984.77	1393.81	2628.66	2.4731e+07	
72.4	-4400.97	1251.85	3008.25	2.99853e+07	
72.5	-4363.41	1383.79	2917.88	2.94683e+07	
72.6	-4290.31	1006.28	2793.69	2.72241e+07	
72.7	-4449.96	918.897	2570.52	2.72541e+07	
72.8	-4553.38	919.428	2558.43	2.81241e+07	
72.9	-4259.22	824.027	2126.18	2.33406e+07	
73	-4456.4	954.4	2165.43	2.54595e+07	
73.1	-4203.89	823.2	2004.31	2.23676e+07	
73.2	-4618.02	563.502	1331.91	2.34176e+07	
73.3	-4780.8	674.711	948.098	2.42102e+07	
73.4	-5015.77	463.84	716.298	2.58862e+07	
73.5	-4979.93	502.322	943.264	2.59417e+07	
73.6	-4516.93	638.884	888.417	2.16001e+07	
73.7	-4360.76	448.331	971.611	2.01612e+07	
73.8	-4560.66	341.93	1255.5	2.24928e+07	
73.9	-4559.52	341.942	1304.66	2.26083e+07	
74	-4761.16	206.464	1017.4	2.37463e+07	
74.1	-4905.47	233.279	884.198	2.48998e+07	
74.2	-5006.84	275.373	549.662	2.54464e+07	
74.3	-5145.09	246.7	612.413	2.69079e+07	
74.4	-4894.65	582.826	399.502	2.44569e+07	
74.5	-4850.56	504.753	-4.35118	2.37827e+07	
74.6	-4701.28	743.681	65.672	2.26595e+07	
74.7	-4663.21	1063.95	334.12	2.29891e+07	
74.8	-5066.83	1351.14	652.188	2.79237e+07	
74.9	-5011.93	938.877	-320.439	2.61036e+07	
75	-4841.7	848.399	-357.366	2.42896e+07	
75.1	-5207.27	846.445	-581.439	2.81702e+07	
75.2	-5239.03	749.188	-98.0173	2.80184e+07	
75.3	-5025.09	910.16	-752.621	2.66463e+07	
75.4	-4775.51	1138.18	-1048.2	2.51997e+07	
75.5	-4509.04	1273.35	-1208.04	2.34122e+07	
75.6	-4503.28	1006.62	-1777.37	2.44519e+07	
75.7	-4116.68	1325.36	-1938.91	2.2463e+07	
75.8	-4107.68	995.991	-1718	2.08165e+07	
75.9	-4463.16	1067.46	-1830.29	2.44092e+07	
76	-4136.64	1127.93	-1897.71	2.19853e+07	
76.1	-4168.55	1358.82	-2026.37	2.33294e+07	
76.2	-4466.33	1192.18	-2038.85	2.55263e+07	
76.3	-4283.16	1225.92	-1818.26	2.31544e+07	
76.4	-4217.57	785.989	-1790.2	2.16105e+07	
76.5	-4430.84	951.833	-1301.73	2.22328e+07	
76.6	-4469.33	727.509	-1547.01	2.28975e+07	
76.7	-4751.68	948.742	-1621.48	2.61077e+07	
76.8	-4694.65	1031.83	-2299.24	2.83909e+07	
76.9	-4956.1	1066.24	-2206.45	3.05683e+07	
77	-4890.53	1221.5	-2069.12	2.96906e+07	
77.1	-5113.45	1259.07	-2179.13	3.24812e+07	
77.2	-5298.65	1416.94	-2039.02	3.4241e+07	
77.3	-5558.37	1740.27	-1825.8	3.72575e+07	
77.4	-5513.44	1753.63	-1115.9	3.47185e+07	
77.5	-5666.06	1704.22	-1356.22	3.68479e+07	
77.6	-5765.56	1633.85	-899.631	3.67205e+07	
77.7	-5826.83	1372.21	-1923.26	3.95338e+07	
77.8	-6037.9	1233.7	-2532.04	4.43895e+07	
77.9	-6128.14	1399.9	-2378.33	4.51703e+07	
78	-5972.64	1648.47	-2040.21	4.25523e+07	
78.1	-5772.51	1335.87	-1742.48	3.81427e+07	
78.2	-5699.31	1298.39	-2416.99	4.00098e+07	
78.3	-5793.76	1162.76	-2536.96	4.13558e+07	
78.4	-5770.79	1136.5	-2971.64	4.34243e+07	
78.5	-6171.54	1159.81	-2771.15	4.71123e+07	
78.6	-6283.28	1215.17	-2667.69	4.80728e+07	
78.7	-6340.99	1280.05	-2582.65	4.85167e+07	
78.8	-6017.77	1113.81	-2368.18	4.30624e+07	
78.9	-5899.79	1149.56	-2153.08	4.07648e+07	
79	-6150.04	1436.99	-1586.23	4.24041e+07	
79.1	-6477.11	1388.7	-1307.22	4.55902e+07	
79.2	-6221.23	1113.54	-923.652	4.07967e+07	
79.3	-6295.76	1062.88	-691.032	4.12439e+07	
79.4	-6104.01	829.409	-566.045	3.82672e+07	
79.5	-5923.95	1016.57	-447.673	3.6327e+07	
79.6	-5741.46	924.242	-338.001	3.39328e+07	
79.7	-6294.96	378.901	-346.608	3.98903e+07	
79.8	-6478.37	408.681	-279.617	4.22144e+07	
79.9	-6393.15	480.428	-181.849	4.11362e+07	
80	-6461.29	232.021	-72.6052	4.18074e+07	
80.1	-6463.66	57.019	-226.143	4.18332e+07	
80.2	-6238.67	-134.976	-669.281	3.93871e+07	
80.3	-6485.09	16.5984	-378.772	4.22001e+07	
80.4	-6596.59	139.661	-321.501	4.36378e+07	
80.5	-6467.82	186.248	-527.807	4.21459e+07	
80.6	-6377.74	-182.088	-48.3184	4.07111e+07	
80.7	-6440.85	-36.5639	145.396	4.1507e+07	
80.8	-6452.89	263.765	168.206	4.17377e+07	
80.9	-6442.85	291.364	42.4959	4.1597e+07	
81	-6210.8	176.784	760.325	3.91834e+07	
81.1	-5870.53	261.119	902.72	3.53462e+07	
81.2	-5805.97	692.141	1541.33	3.65641e+07	
81.3	-5828.35	509.52	882.639	3.50084e+07	
81.4	-5926.6	504.689	1127.75	3.66511e+07	
81.5	-6009.18	437.33	1111.62	3.75372e+07	
81.6	-6004.43	517.438	1289.45	3.79836e+07	
81.7	-6047.87	477.715	1754.36	3.98827e+07	
81.8	-5876.87	617.162	1248.26	3.64766e+07	
81.9	-5916.34	595.994	1168.38	3.67234e+07	
82	-5637.16	722.394	844.336	3.30123e+07	
82.1	-5391.81	1029.86	484.942	3.03674e+07	
82.2	-5380.73	1063.86	904.297	3.09018e+07	
82.3	-5449.79	1106.79	1117.96	3.2175e+07	
82.4	-5551.37	1163.95	1119.57	3.3426e+07	
82.5	-5648.91	1154.79	1728.43	3.62312e+07	
82.6	-5487.06	617.554	1503.94	3.27511e+07	
82.7	-5178.28	796.633	1523.06	2.9769e+07	
82.8	-5542.41	832.395	1025.02	3.24619e+07	
82.9	-5465.34	717.821	533.986	3.06703e+07	
83	-5350.35	392.98	901.834	2.9594e+07	
83.1	-5378.45	358.245	793.158	2.96852e+07	
83.2	-5653.19	475.92	519.947	3.24555e+07	
83.3	-5640.28	433.661	326.561	3.21075e+07	
83.4	-5438.5	867.787	24.9656	3.03309e+07	
83.5	-5114.96	1103.4	484.982	2.76156e+07	
83.6	-5290.18	721.723	-186.242	2.85416e+07	
83.7	-5376.09	913.227	-597.61	3.00935e+07	
83.8	-5332.08	1426.7	-359.787	3.0596e+07	
83.9	-5783.41	1387.36	-1102.34	3.65878e+07	
84	-5904.37	1313.01	-1421.24	3.86055e+07	
84.1	-6073.83	1289.14	-1243.05	4.00984e+07	
84.2	-6198.71	1129.25	-885.275	4.04829e+07	
84.3	-6046.99	772.668	-557.887	3.74744e+07	
84.4	-6053.97	934.285	-85.9478	3.75308e+07	
84.5	-5825.22	679.154	316.021	3.44943e+07	
84.6	-6144.56	488.937	321.833	3.80982e+07	
84.7	-6323.96	630.816	427.85	4.05734e+07	
84.8	-6597.34	699.418	-21.2669	4.40146e+07	
84.9	-6405.71	692.207	-191.567	4.1549e+07	
85	-6982.4	894.799	51.7361	4.95572e+07	
85.1	-6745.95	783.239	-736.541	4.66638e+07	
85.2	-6499.6	920.5	-1402.24	4.50584e+07	
85.3	-6223.46	841.863	-1769.15	4.25701e+07	
85.4	-6429.34	845.797	-1370.14	4.39291e+07	
85.5	-6364.78	861.664	-1394.2	4.31967e+07	
85.6	-6206.79	955.136	-1160.75	4.07839e+07	
85.7	-6198.44	906.739	-913.416	4.00771e+07	
85.8	-6228.34	694.634	-1024.72	4.03247e+07	
85.9	-6270.77	607.619	-1299.37	4.13802e+07	
86	-6726.41	486.6	-1899.51	4.90896e+07	
86.1	-6461.48	275.279	-2786.6	4.95916e+07	
86.2	-6467.52	328.778	-3244.06	5.24608e+07	
86.3	-6651.13	428.976	-3366.96	5.5758e+07	
86.4	-6593.51	455.937	-3352.65	5.49225e+07	
86.5	-6424.45	568.955	-4045.74	5.79653e+07	
86.6	-6566.9	264.633	-3487.98	5.53602e+07	
86.7	-6824.45	114.888	-3835.55	6.12977e+07	
86.8	-6977.44	-178.713	-3285.32	5.951e+07	
86.9	-6927.52	178.362	-3380.13	5.94476e+07	
87	-7155.96	319.889	-3791.57	6.56861e+07	
87.1	-7088.04	474.374	-3971.84	6.62409e+07	
87.2	-7313.4	307.488	-3540.08	6.61126e+07	
87.3	-7127.38	25.0267	-4032.49	6.70611e+07	
87.4	-7131.6	75.7847	-4402.13	7.02443e+07	
87.5	-7134.4	-2.49055	-4145.11	6.80817e+07	
87.6	-7400.75	-138.227	-4884.45	7.8648e+07	
87.7	-7275.16	-164.876	-4593.56	7.40559e+07	
87.8	-7096.73	-44.0679	-4575.05	7.12966e+07	
87.9	-7359.13	178.96	-3930.69	6.96391e+07	
88	-7173.36	-226.05	-3515.03	6.38636e+07	
88.1	-7235.69	-167.362	-3390.7	6.38801e+07	
88.2	-7123.39	-139.468	-3955.67	6.64095e+07	
88.3	-7202.86	-200.845	-4355.32	7.08903e+07	
88.4	-7494.62	-81.2242	-4010.16	7.22573e+07	
88.5	-7317.64	168.305	-3991.14	6.95054e+07	
88.6	-7505.39	56.3235	-3947.19	7.19144e+07	
88.7	-7605.55	28.4111	-4069.04	7.44022e+07	
88.8	-7436.37	10.7239	-3840.96	7.00526e+07	
88.9	-7608.38	181.446	-3727.23	7.18126e+07	
89	-7583.5	92.4307	-3192.1	6.77075e+07	
89.1	-7483.38	387.632	-2906.65	6.45999e+07	
89.2	-7473.71	-66.9296	-2712.42	6.32181e+07	
89.3	-7305.13	-282.806	-2733.99	6.09196e+07	
89.4	-7405.66	-425.07	-2129.8	5.95605e+07	
89.5	-7638.46	-429.392	-2307.56	6.38553e+07	
89.6	-7608.02	-249.122	-2764.99	6.55891e+07	
89.7	-7742.03	-31.727	-2824.24	6.79164e+07	
89.8	-7592.86	-115.49	-2950.18	6.63684e+07	
89.9	-7562.01	-226.726	-2931.17	6.58271e+07	
90	-7605.09	-174.051	-2764.63	6.55109e+07	
90.1	-7902.05	-48.3094	-2875.93	7.07157e+07	
90.2	-8092.73	60.9636	-2503.47	7.17633e+07	
90.3	-8446.97	465.188	-2144.14	7.6165e+07	
90.4	-8526.17	427.307	-1753.36	7.59524e+07	
90.5	-8763.41	180.907	-1775.26	7.99817e+07	
90.6	-8854.51	105.74	-1665.51	8.11875e+07	
90.7	-9021.83	245.379	-1730.66	8.44488e+07	
90.8	-8846.56	79.2741	-2185.33	8.30437e+07	
90.9	-8710.14	-120.275	-2156.48	8.05315e+07	
91	-8612.14	197.061	-2340.67	7.96865e+07	
91.1	-8691.55	487.771	-1922.77	7.9478e+07	
91.2	-8510.42	329.388	-2217.53	7.74532e+07	
91.3	-8427.3	436.217	-2720.86	7.86127e+07	
91.4	-8658.02	293.008	-2746.5	8.25903e+07	
91.5	-8769.83	242.513	-3234.68	8.74319e+07	
91.6	-8812.75	229.859	-3294.07	8.85683e+07	
91.7	-8854.22	77.5123	-3293.41	8.92497e+07	
91.8	-8825.09	245.915	-2607.09	8.47396e+07	
91.9	-8729.19	405.017	-3104.21	8.59989e+07	
92	-8670.82	315.842	-2906.32	8.37296e+07	
92.1	-8626.74	621.22	-3234.46	8.52682e+07	
92.2	-8738.81	652.002	-3382.42	8.82326e+07	
92.3	-8738.22	658.209	-3826.9	9.14349e+07	
92.4	-8765.65	592.606	-3492.13	8.93828e+07	
92.5	-8680.94	558.231	-3575.11	8.84519e+07	
92.6	-8567.88	284.058	-3001.94	8.25009e+07	
92.7	-8781.17	183.747	-3559.02	8.98093e+07	
92.8	-8749.17	274.991	-3164.79	8.66395e+07	
92.9	-8853.88	27.1971	-3348.47	8.96042e+07	
93	-8797.53	85.1802	-3590.78	9.02975e+07	
93.1	-9278.57	101.677	-3808.99	1.00611e+08	
93.2	-9110.64	-22.4636	-3943.52	9.85556e+07	
93.3	-9197.44	-7.29507	-3490.18	9.67744e+07	
93.4	-9148.28	110.49	-3588.29	9.65791e+07	
93.5	-9321.66	-263.319	-3383.03	9.84075e+07	
93.6	-9410.73	-164.701	-3121.93	9.83355e+07	
93.7	-9177.38	-204.028	-3587.38	9.71352e+07	
93.8	-8982.03	-462.883	-3511.73	9.32234e+07	
93.9	-8963.56	-395.029	-3926.9	9.59221e+07	
94	-8767.56	-510.006	-3959.39	9.2807e+07	
94.1	-8754.36	-639.907	-3278.72	8.77984e+07	
94.2	-8537.15	-635.42	-2807.28	8.11675e+07	
94.3	-8199.68	-775.445	-2164.67	7.25219e+07	
94.4	-7944.63	-1018.52	-2695.61	7.14209e+07	
94.5	-8232.65	-1176.8	-3289.77	7.99841e+07	
94.6	-8333.09	-1031	-3558.33	8.31651e+07	
94.7	-8719.37	-1273.41	-3869.58	9.26226e+07	
94.8	-8592.7	-1317.5	-3727.67	8.94658e+07	
94.9	-8639.43	-1271.77	-3431.95	8.80355e+07	
95	-8672.6	-1031.88	-3283.69	8.70613e+07	
95.1	-8416.64	-962.098	-2662.64	7.88552e+07	
95.2	-8167.08	-812.728	-3080.63	7.68521e+07	
95.3	-8378.1	-839.225	-2602.79	7.76714e+07	
95.4	-8177.67	-677.462	-2890.99	7.5691e+07	
95.5	-8267.49	-681.164	-2718.95	7.62081e+07	
95.6	-8176.62	-810.429	-2314.27	7.28698e+07	
95.7	-8445.6	-865.742	-1764.23	7.51901e+07	
95.8	-8360.42	-1032.76	-1900.46	7.4575e+07	
95.9	-8640.58	-807.502	-1963.98	7.91688e+07	
96	-8285.6	-962.401	-1901.98	7.31949e+07	
96.1	-8191.02	-888.826	-2381.4	7.35539e+07	
96.2	-8200.44	-882.088	-2882.22	7.63325e+07	
96.3	-7923.08	-1027.45	-2676.35	7.09937e+07	
96.4	-8105.49	-1086.97	-2696.3	7.41506e+07	
96.5	-8049.07	-1025.33	-2885.61	7.41655e+07	
96.6	-8040.54	-677.538	-2469.22	7.12063e+07	
96.7	-7939.77	-902.633	-2712.94	7.12147e+07	
96.8	-8063.2	-713.645	-2529.53	7.19231e+07	
96.9	-7844.93	-932.95	-1807.79	6.56814e+07	
97	-7901.92	-976.265	-976.645	6.43473e+07	
97.1	-7994.09	-1101.05	-1243.03	6.66629e+07	
97.2	-7924.77	-835.958	-1754.5	6.65791e+07	
97.3	-7811.46	-923.034	-1896.77	6.54686e+07	
97.4	-7730.79	-539.452	-2171.07	6.47696e+07	
97.5	-7679.88	-495.131	-1793.22	6.24414e+07	
97.6	-7620.74	-195.81	-2024.39	6.22121e+07	
97.7	-7679.29	-288.073	-1943.14	6.28303e+07	
97.8	-7781.99	-337.089	-2500.5	6.69255e+07	
97.9	-7762.73	-515.016	-2212.04	6.54183e+07	
98	-7672.56	-174.364	-2302.57	6.42004e+07	
98.1	-7661.47	-197.673	-1817.42	6.20403e+07	
98.2	-7654.97	-288.243	-1668.47	6.14654e+07	
98.3	-7612.62	-359.987	-1363.34	5.99403e+07	
98.4	-7693.02	-561.734	-1053.21	6.06074e+07	
98.5	-7511.22	-691.497	-1144.48	5.82064e+07	
98.6	-7595.98	-862.69	-1251.82	6.00103e+07	
98.7	-7731.83	-805.86	-959.087	6.13504e+07	
98.8	-7451.21	-648.01	-613.966	5.63175e+07	
98.9	-7487.33	-687.888	-285.428	5.66148e+07	
99	-7218	-798.729	-639.701	5.31467e+07	
99.1	-7247.75	-875.002	-132.313	5.3313e+07	
99.2	-6993.98	-916.561	241.732	4.98143e+07	
99.3	-7125.07	-958.87	423.907	5.18658e+07	
99.4	-7374.02	-963.174	690.361	5.57805e+07	
99.5	-7051.98	-1144.47	568.775	5.13637e+07	
99.6	-7126.38	-1132.04	-67.0742	5.20713e+07	
99.7	-7202.09	-729.764	93.9363	5.24115e+07	
99.8	-7133.31	-648.623	-4.50482	5.13049e+07	
99.9	-7256.41	-439.805	-384.036	5.29964e+07	
