#t	e1x	e1y	e1z	e2x	e2y	e2z
0	-0.23618	-2.94811	-9.52095	-0.23618	-2.94811	-104.521
0.1	-151.83	53.4651	-522.737	-151.83	53.4651	-617.737
0.2	-23.3516	-23.9084	-768.617	-23.3516	-23.9084	-863.617
0.3	-142.717	-137.822	-1275.01	-142.717	-137.822	-1370.01
0.4	-6.73807	-199.845	-1316.65	-6.73807	-199.845	-1411.65
0.5	-365.569	-97.4447	-562.52	-365.569	-97.4447	-657.52
0.6	-561.418	-681.347	-1121.78	-561.418	-681.347	-1216.78
0.7	-181.664	-549.284	-894.287	-181.664	-549.284	-989.287
0.8	-339.19	-667.182	-839.184	-339.19	-667.182	-934.184
0.9	-224.623	-502.924	-961.521	-224.623	-502.924	-1056.52
1	-486.402	-365.545	-1420.99	-486.402	-365.545	-1515.99
1.1	-414.909	-468.039	-896.545	-414.909	-468.039	-991.545
1.2	-556.783	-817.886	-421.743	-556.783	-817.886	-516.743
1.3	-492.275	-884.249	-528.673	-492.275	-884.249	-623.673
1.4	-137.043	-1047.51	-402.144	-137.043	-1047.51	-497.144
1.5	-237.961	-938.356	-490.127	-237.961	-938.356	-585.127
1.6	-184.391	-896.057	-848.385	-184.391	-896.057	-943.385
1.7	-313.464	-865.548	-366.511	-313.464	-865.548	-461.511
1.8	-619.453	-793.072	-174.088	-619.453	-793.072	-269.088
1.9	-863.968	-725.238	-424.668	-863.968	-725.238	-519.668
2	-937.768	-926.823	-545.185	-937.768	-926.823	-640.185
2.1	-760.463	-714.456	-1427.99	-760.463	-714.456	-1522.99
2.2	-540.358	-611.525	-892.221	-540.358	-611.525	-987.221
2.3	-611.392	-357.615	-747.616	-611.392	-357.615	-842.616
2.4	-325.103	-126.375	-1049.92	-325.103	-126.375	-1144.92
2.5	-93.316	-138.171	-1636.66	-93.316	-138.171	-1731.66
2.6	-6.20532	-0.287886	-1401.01	-6.20532	-0.287886	-1496.01
2.7	24.7983	-59.786	-1622.37	24.7983	-59.786	-1717.37
2.8	-164.791	-63.0629	-1390.7	-164.791	-63.0629	-1485.7
2.9	-113.705	-452.487	-1474.19	-113.705	-452.487	-1569.19
3	-64.0949	-395.85	-1214.15	-64.0949	-395.85	-1309.15
3.1	-312.885	-520.432	-691.45	-312.885	-520.432	-786.45
3.2	-137.745	-543.111	-919.621	-137.745	-543.111	-1014.62
3.3	-112.388	-482.409	-885.03	-112.388	-482.409	-980.03
3.4	-259.284	-424.935	-877.302	-259.284	-424.935	-972.302
3.5	-381.147	-336.483	-748.549	-381.147	-336.483	-843.549
3.6	-401.825	-329.348	-886.635	-401.825	-329.348	-981.635
3.7	-285.018	-85.7691	-1477.17	-285.018	-85.7691	-1572.17
3.8	-417.805	-95.5329	-1286.85	-417.805	-95.5329	-1381.85
3.9	-551.635	41.1543	-1456.97	-551.635	41.1543	-1551.97
4	-659.503	279.965	-1287.11	-659.503	279.965	-1382.11
4.1	-907.685	184.316	-2014.1	-907.685	184.316	-2109.1
4.2	-941.877	491.159	-1659.24	-941.877	491.159	-1754.24
4.3	-858.221	580.097	-2023.94	-858.221	580.097	-2118.94
4.4	-1081.66	344.684	-1938.62	-1081.66	344.684	-2033.62
4.5	-959.126	416.307	-1009.31	-959.126	416.307	-1104.31
4.6	-1272.37	653.917	-1419.62	-1272.37	653.917	-1514.62
4.7	-1293.93	694.86	-1384.79	-1293.93	694.86	-1479.79
4.8	-1333.79	789.898	-1746.25	-1333.79	789.898	-1841.25
4.9	-1474.27	637.243	-2306.19	-1474.27	637.243	-2401.19
5	-1351.81	572.55	-2648.61	-1351.81	572.55	-2743.61
5.1	-1688.34	661.081	-2359.45	-1688.34	661.081	-2454.45
5.2	-1624.18	673.772	-2891.39	-1624.18	673.772	-2986.39
5.3	-1707.26	514.489	-3194.75	-1707.26	514.489	-3289.75
5.4	-1967.44	564.259	-3249.62	-1967.44	564.259	-3344.62
5.5	-1963.58	618.983	-2745.38	-1963.58	618.983	-2840.38
5.6	-2012.73	359.271	-2650.19	-2012.73	359.271	-2745.19
5.7	-1976.03	825.333	-2707.33	-1976.03	825.333	-2802.33
5.8	-1876.65	983.511	-2744.38	-1876.65	983.511	-2839.38
5.9	-1958.32	846.231	-2310.58	-1958.32	846.231	-2405.58
6	-1898.47	807.338	-2334.05	-1898.47	807.338	-2429.05
6.1	-1414.42	845.087	-2064	-1414.42	845.087	-2159
6.2	-1419.23	1004.24	-2692.47	-1419.23	1004.24	-2787.47
6.3	-1638.6	1322.19	-3322.01	-1638.6	1322.19	-3417.01
6.4	-1737.91	1624.17	-3575.16	-1737.91	1624.17	-3670.16
6.5	-2038.11	1373.63	-3735.76	-2038.11	1373.63	-3830.76
6.6	-2189.96	1357.24	-3619.4	-2189.96	1357.24	-3714.4
6.7	-2194.1	1328.25	-3175.32	-2194.1	1328.25	-3270.32
6.8	-2229.21	1271.62	-2770.79	-2229.21	1271.62	-2865.79
6.9	-2262.63	1118.45	-2841.77	-2262.63	1118.45	-2936.77
7	-2186.04	1396.41	-3218.18	-2186.04	1396.41	-3313.18
7.1	-2179.71	1423.98	-3220.48	-2179.71	1423.98	-3315.48
7.2	-1947.31	1408.34	-2532.99	-1947.31	1408.34	-2627.99
7.3	-2241.59	1619.38	-2988.02	-2241.59	1619.38	-3083.02
7.4	-2147.19	1772.26	-2991.86	-2147.19	1772.26	-3086.86
7.5	-2329.54	1774.87	-3374.4	-2329.54	1774.87	-3469.4
7.6	-2314.82	1952.14	-3383.31	-2314.82	1952.14	-3478.31
7.7	-2403.9	2075.96	-3200.48	-2403.9	2075.96	-3295.48
7.8	-2267.27	2198.89	-3081.88	-2267.27	2198.89	-3176.88
7.9	-2608.68	2540.59	-3222.61	-2608.68	2540.59	-3317.61
8	-2208.06	2556.17	-3536.68	-2208.06	2556.17	-3631.68
8.1	-2511.05	2342.07	-3745.87	-2511.05	2342.07	-3840.87
8.2	-2597.08	1927.67	-3912.99	-2597.08	1927.67	-4007.99
8.3	-2653.93	1868.98	-3830.62	-2653.93	1868.98	-3925.62
8.4	-2910.67	1770.09	-3738	-2910.67	1770.09	-3833
8.5	-2780.69	2081.28	-4390.59	-2780.69	2081.28	-4485.59
8.6	-2626.2	2291.22	-4172.23	-2626.2	2291.22	-4267.23
8.7	-2702.4	2212.99	-4508.86	-2702.4	2212.99	-4603.86
8.8	-2470.68	2292.28	-4526.68	-2470.68	2292.28	-4621.68
8.9	-2557.23	2549.44	-4560.27	-2557.23	2549.44	-4655.27
9	-2335.74	2873.91	-4548.83	-2335.74	2873.91	-4643.83
9.1	-2641.06	2609.41	-4449.09	-2641.06	2609.41	-4544.09
9.2	-2573.21	2707.32	-4548.68	-2573.21	2707.32	-4643.68
9.3	-2916.79	2687.21	-4962.78	-2916.79	2687.21	-5057.78
9.4	-2998.04	2549.78	-4655.43	-2998.04	2549.78	-4750.43
9.5	-3082.3	2545.86	-4640.56	-3082.3	2545.86	-4735.56
9.6	-3173.82	2920.79	-5032.38	-3173.82	2920.79	-5127.38
9.7	-3147.58	2913.59	-5136.88	-3147.58	2913.59	-5231.88
9.8	-3159.47	2922.89	-4966.57	-3159.47	2922.89	-5061.57
9.9	-3266.39	3000.24	-5009.73	-3266.39	3000.24	-5104.73
10	-3297.69	3365.11	-4727.14	-3297.69	3365.11	-4822.14
10.1	-3485.88	3468.59	-4690.1	-3485.88	3468.59	-4785.1
10.2	-3578.26	3474.45	-4826.24	-3578.26	3474.45	-4921.24
10.3	-4174.21	3351.45	-5175.24	-4174.21	3351.45	-5270.24
10.4	-4463.63	3423.11	-5516.01	-4463.63	3423.11	-5611.01
10.5	-4421.69	3376.54	-6110.67	-4421.69	3376.54	-6205.67
10.6	-4539.11	3597.43	-5761.73	-4539.11	3597.43	-5856.73
10.7	-4338.39	3471.6	-6004.59	-4338.39	3471.6	-6099.59
10.8	-4341.5	3424.17	-6109.75	-4341.5	3424.17	-6204.75
10.9	-4234.84	3596.32	-5783.75	-4234.84	3596.32	-5878.75
11	-4079.95	3231.53	-6234.16	-4079.95	3231.53	-6329.16
11.1	-4038.78	3236.68	-6500.09	-4038.78	3236.68	-6595.09
11.2	-4094.79	3208.45	-6458.91	-4094.79	3208.45	-6553.91
11.3	-4205.16	3171.29	-6192.55	-4205.16	3171.29	-6287.55
11.4	-4042.79	3117.27	-6314.59	-4042.79	3117.27	-6409.59
11.5	-4101.33	3194	-6913.85	-4101.33	3194	-7008.85
11.6	-4083.81	3101.86	-6114.68	-4083.81	3101.86	-6209.68
11.7	-3880.79	3138.98	-6224.75	-3880.79	3138.98	-6319.75
11.8	-4036.51	3061.27	-6736.42	-4036.51	3061.27	-6831.42
11.9	-4214.79	3287.9	-6764.75	-4214.79	3287.9	-6859.75
12	-3957.35	3064.26	-6983.04	-3957.35	3064.26	-7078.04
12.1	-3826.64	2849.09	-6705.52	-3826.64	2849.09	-6800.52
12.2	-3625.28	2949.96	-6918.85	-3625.28	2949.96	-7013.85
12.3	-3268.54	2992.36	-6919.24	-3268.54	2992.36	-7014.24
12.4	-3086.02	2973.35	-6481.75	-3086.02	2973.35	-6576.75
12.5	-2713.16	2982.52	-6189.79	-2713.16	2982.52	-6284.79
12.6	-2539.31	3026.23	-6268.75	-2539.31	3026.23	-6363.75
12.7	-2640.45	3094.69	-5661.73	-2640.45	3094.69	-5756.73
12.8	-2647.49	3037.12	-6231.43	-2647.49	3037.12	-6326.43
12.9	-2826.14	2879.27	-6437.69	-2826.14	2879.27	-6532.69
13	-2476.71	3012.67	-6153.04	-2476.71	3012.67	-6248.04
13.1	-2561.86	3018.12	-5928.59	-2561.86	3018.12	-6023.59
13.2	-2549.81	2844.92	-6167.3	-2549.81	2844.92	-6262.3
13.3	-2730.87	2899.06	-6402.05	-2730.87	2899.06	-6497.05
13.4	-2555.5	2669.03	-6474.19	-2555.5	2669.03	-6569.19
13.5	-2572.61	2590.88	-6043.75	-2572.61	2590.88	-6138.75
13.6	-2719.38	2607.09	-5111.71	-2719.38	2607.09	-5206.71
13.7	-2976.84	2462.22	-5006.21	-2976.84	2462.22	-5101.21
13.8	-2916.41	2397.66	-4675.5	-2916.41	2397.66	-4770.5
13.9	-3058.75	2423.23	-4770.54	-3058.75	2423.23	-4865.54
14	-3266.77	2298.64	-4710.92	-3266.77	2298.64	-4805.92
14.1	-3258.61	2275.34	-4769.04	-3258.61	2275.34	-4864.04
14.2	-3319.22	2110.02	-4437.96	-3319.22	2110.02	-4532.96
14.3	-3340.29	2115.96	-4119.52	-3340.29	2115.96	-4214.52
14.4	-3334.4	2098.5	-3420.7	-3334.4	2098.5	-3515.7
14.5	-3084.49	2144.31	-3330.32	-3084.49	2144.31	-3425.32
14.6	-2854.4	2390.32	-3988.6	-2854.4	2390.32	-4083.6
14.7	-2611.09	2670.47	-4183.82	-2611.09	2670.47	-4278.82
14.8	-2760.84	2630.01	-4040.11	-2760.84	2630.01	-4135.11
14.9	-2992.47	2672	-4009.84	-2992.47	2672	-4104.84
15	-3156.75	2515.65	-3873.1	-3156.75	2515.65	-3968.1
15.1	-3079.24	2563.28	-4105.72	-3079.24	2563.28	-4200.72
15.2	-3234.29	2600.08	-3697.06	-3234.29	2600.08	-3792.06
15.3	-3443.29	2404.89	-3631	-3443.29	2404.89	-3726
15.4	-3444.33	2379.06	-3469.34	-3444.33	2379.06	-3564.34
15.5	-3752.39	2650.42	-3351.29	-3752.39	2650.42	-3446.29
15.6	-3721.96	2520.48	-3220.1	-3721.96	2520.48	-3315.1
15.7	-3812.9	2302.32	-2820.37	-3812.9	2302.32	-2915.37
15.8	-3997.31	2193.1	-2597.57	-3997.31	2193.1	-2692.57
15.9	-3952.77	2037.39	-2659.26	-3952.77	2037.39	-2754.26
16	-3973.42	2320.72	-2997.19	-3973.42	2320.72	-3092.19
16.1	-3998.21	2184.8	-2405.32	-3998.21	2184.8	-2500.32
16.2	-3947.31	2074.51	-2337.57	-3947.31	2074.51	-2432.57
16.3	-4220.96	2243.83	-2396.82	-4220.96	2243.83	-2491.82
16.4	-4136.38	2137.44	-1715.74	-4136.38	2137.44	-1810.74
16.5	-4047.75	1959.1	-2085.68	-4047.75	1959.1	-2180.68
16.6	-4171.71	1880.26	-1694.81	-4171.71	1880.26	-1789.81
16.7	-4047.74	2002.35	-1563.29	-4047.74	2002.35	-1658.29
16.8	-4129.45	1861.27	-1133.66	-4129.45	1861.27	-1228.66
16.9	-4232.16	1863.86	-1421.95	-4232.16	1863.86	-1516.95
17	-3949.59	1959.25	-851.832	-3949.59	1959.25	-946.832
17.1	-3696.39	1957.56	-976.442	-3696.39	1957.56	-1071.44
17.2	-3510.4	2133.15	-1390.16	-3510.4	2133.15	-1485.16
17.3	-3667.29	2050.91	-1750.25	-3667.29	2050.91	-1845.25
17.4	-3812.82	2052.19	-1430.98	-3812.82	2052.19	-1525.98
17.5	-3871.72	1859.8	-1533.98	-3871.72	1859.8	-1628.98
17.6	-3821.6	1917.96	-1435.97	-3821.6	1917.96	-1530.97
17.7	-4034.61	1865.12	-1641.66	-4034.61	1865.12	-1736.66
17.8	-4111.92	1842.59	-1217.1	-4111.92	1842.59	-1312.1
17.9	-4242.16	2039.46	-1378.02	-4242.16	2039.46	-1473.02
18	-4479.63	1964.54	-1046.11	-4479.63	1964.54	-1141.11
18.1	-4609.1	2349.49	-987.832	-4609.1	2349.49	-1082.83
18.2	-4509.85	2387.72	-1346.65	-4509.85	2387.72	-1441.65
18.3	-4565.11	2442.99	-1773.25	-4565.11	2442.99	-1868.25
18.4	-4676.94	2592.4	-1081.28	-4676.94	2592.4	-1176.28
18.5	-4653.87	2788.82	-764.08	-4653.87	2788.82	-859.08
18.6	-4590.7	2527.92	-1006.74	-4590.7	2527.92	-1101.74
18.7	-4884.98	2414.13	-90.3724	-4884.98	2414.13	-185.372
18.8	-4959.53	2689.05	-100.087	-4959.53	2689.05	-195.087
18.9	-4973.31	2540.92	131.179	-4973.31	2540.92	36.1788
19	-4804.69	2428.03	-95.5446	-4804.69	2428.03	-190.545
19.1	-4590.65	2386.22	-315.154	-4590.65	2386.22	-410.154
19.2	-4837.43	2605.83	-414.312	-4837.43	2605.83	-509.312
19.3	-4857.21	2656.42	-387.371	-4857.21	2656.42	-482.371
19.4	-4917.92	2709.71	-642.693	-4917.92	2709.71	-737.693
19.5	-4842.47	2806.48	-499.416	-4842.47	2806.48	-594.416
19.6	-4890.9	2635.72	-174.133	-4890.9	2635.72	-269.133
19.7	-4869.56	2656.77	-507.808	-4869.56	2656.77	-602.808
19.8	-4820.38	2619.23	-667.343	-4820.38	2619.23	-762.343
19.9	-4874.74	2627.42	-1265.79	-4874.74	2627.42	-1360.79
20	-4759.5	2707.1	-1581.22	-4759.5	2707.1	-1676.22
20.1	-4743.06	2620.49	-1552	-4743.06	2620.49	-1647
20.2	-4749.87	2477.5	-1752.16	-4749.87	2477.5	-1847.16
20.3	-4708.62	2515.8	-1705.62	-4708.62	2515.8	-1800.62
20.4	-4731.89	2492.81	-1095.02	-4731.89	2492.81	-1190.02
20.5	-4523.86	2834.82	-801.667	-4523.86	2834.82	-896.667
20.6	-4396.32	2993.1	-1061.36	-4396.32	2993.1	-1156.36
20.7	-4432.64	3207.87	-985.879	-4432.64	3207.87	-1080.88
20.8	-4241.27	3341.82	-896.631	-4241.27	3341.82	-991.631
20.9	-4068.05	2977.7	-595.694	-4068.05	2977.7	-690.694
21	-4052.21	3086.65	-999.781	-4052.21	3086.65	-1094.78
21.1	-4236.96	3234.24	-1206.97	-4236.96	3234.24	-1301.97
21.2	-3644.78	3364.5	-1488.26	-3644.78	3364.5	-1583.26
21.3	-3837.26	3318.66	-1380.2	-3837.26	3318.66	-1475.2
21.4	-3733.44	2970.8	-1238.64	-3733.44	2970.8	-1333.64
21.5	-3755.69	3070.75	-1797.15	-3755.69	3070.75	-1892.15
21.6	-3538.44	2818.94	-2066.05	-3538.44	2818.94	-2161.05
21.7	-3575.93	2795.13	-2611.94	-3575.93	2795.13	-2706.94
21.8	-4085.88	2638.2	-2589.62	-4085.88	2638.2	-2684.62
21.9	-3986.82	2629.03	-2780.63	-3986.82	2629.03	-2875.63
22	-4040.66	2701	-2570.57	-4040.66	2701	-2665.57
22.1	-4376.49	2801.6	-2861.46	-4376.49	2801.6	-2956.46
22.2	-4478.58	2768.83	-3244.96	-4478.58	2768.83	-3339.96
22.3	-4209.68	2770.77	-3161.21	-4209.68	2770.77	-3256.21
22.4	-4564.39	2870.07	-3744.79	-4564.39	2870.07	-3839.79
22.5	-4457.62	2774.4	-4352.85	-4457.62	2774.4	-4447.85
22.6	-4436.45	2911.86	-4236.22	-4436.45	2911.86	-4331.22
22.7	-4383.89	3226.24	-4361.24	-4383.89	3226.24	-4456.24
22.8	-4612.87	3303.29	-4333.53	-4612.87	3303.29	-4428.53
22.9	-4585.59	3341.14	-4043.81	-4585.59	3341.14	-4138.81
23	-4669.9	3523.21	-4198.08	-4669.9	3523.21	-4293.08
23.1	-4543.21	3487.07	-3772.6	-4543.21	3487.07	-3867.6
23.2	-4519.37	3443.36	-4086.42	-4519.37	3443.36	-4181.42
23.3	-4699.43	3564.83	-3797.2	-4699.43	3564.83	-3892.2
23.4	-4928.55	3557.06	-3600.07	-4928.55	3557.06	-3695.07
23.5	-5041.36	3504.91	-4339.76	-5041.36	3504.91	-4434.76
23.6	-5248.81	3414.52	-4432.05	-5248.81	3414.52	-4527.05
23.7	-5176.02	3249.13	-4679.71	-5176.02	3249.13	-4774.71
23.8	-5207.91	3049.01	-5193.31	-5207.91	3049.01	-5288.31
23.9	-5200.44	2866.24	-5379.03	-5200.44	2866.24	-5474.03
24	-5155.56	2929.79	-5461.98	-5155.56	2929.79	-5556.98
24.1	-5027.61	2929.59	-5410.75	-5027.61	2929.59	-5505.75
24.2	-4933.4	2643.34	-4981.07	-4933.4	2643.34	-5076.07
24.3	-4934.6	2553.18	-4747.24	-4934.6	2553.18	-4842.24
24.4	-4540.31	2441.03	-5246.39	-4540.31	2441.03	-5341.39
24.5	-4378.9	2625.46	-5649	-4378.9	2625.46	-5744
24.6	-4170.3	2670.17	-5172.93	-4170.3	2670.17	-5267.93
24.7	-3978.26	2640.38	-4348.75	-3978.26	2640.38	-4443.75
24.8	-3939.45	2896.51	-4289.36	-3939.45	2896.51	-4384.36
24.9	-4136.05	3004.8	-3793.36	-4136.05	3004.8	-3888.36
25	-4056.12	2941.9	-3709.7	-4056.12	2941.9	-3804.7
25.1	-4168.85	2989.95	-4257.07	-4168.85	2989.95	-4352.07
25.2	-4098.39	3036.12	-4045.1	-4098.39	3036.12	-4140.1
25.3	-3822.83	3059.17	-3871.08	-3822.83	3059.17	-3966.08
25.4	-3415.33	3197.34	-3284.7	-3415.33	3197.34	-3379.7
25.5	-3361.04	3003.4	-3178.2	-3361.04	3003.4	-3273.2
25.6	-3669.48	2858.14	-2770.32	-3669.48	2858.14	-2865.32
25.7	-3785.25	2710.28	-3228.76	-3785.25	2710.28	-3323.76
25.8	-3789.4	2849.68	-3358.06	-3789.4	2849.68	-3453.06
25.9	-3925.95	2791.37	-3254.64	-3925.95	2791.37	-3349.64
26	-3848.56	2635.63	-2958.9	-3848.56	2635.63	-3053.9
26.1	-3769.96	2469	-1994.18	-3769.96	2469	-2089.18
26.2	-3292.46	2195.01	-1719.8	-3292.46	2195.01	-1814.8
26.3	-3488.52	2581.58	-2123.22	-3488.52	2581.58	-2218.22
26.4	-3555.73	2873.74	-2414.93	-3555.73	2873.74	-2509.93
26.5	-3657	2541.99	-2560.33	-3657	2541.99	-2655.33
26.6	-3680.82	2763.22	-2253.09	-3680.82	2763.22	-2348.09
26.7	-3408.72	2633.92	-2834.53	-3408.72	2633.92	-2929.53
26.8	-3694.08	2441.57	-2975.66	-3694.08	2441.57	-3070.66
26.9	-3472.35	2192.79	-3110.42	-3472.35	2192.79	-3205.42
27	-3853.03	2563.33	-2800.7	-3853.03	2563.33	-2895.7
27.1	-3901.26	2973.39	-2497.18	-3901.26	2973.39	-2592.18
27.2	-3868.06	3158.22	-2065.38	-3868.06	3158.22	-2160.38
27.3	-3972.12	2965.28	-2675.05	-3972.12	2965.28	-2770.05
27.4	-3550.18	2979.73	-2987.22	-3550.18	2979.73	-3082.22
27.5	-3749.54	2698.97	-2627.65	-3749.54	2698.97	-2722.65
27.6	-3725.96	2693.44	-2383.44	-3725.96	2693.44	-2478.44
27.7	-3891.26	3139.6	-2533.58	-3891.26	3139.6	-2628.58
27.8	-4079.6	3138.13	-2543.65	-4079.6	3138.13	-2638.65
27.9	-4067.75	3007.29	-3269.29	-4067.75	3007.29	-3364.29
28	-3816.98	3303.61	-2773.7	-3816.98	3303.61	-2868.7
28.1	-3800.81	3207.56	-2075.58	-3800.81	3207.56	-2170.58
28.2	-3650.97	3546.82	-2404.54	-3650.97	3546.82	-2499.54
28.3	-3835.82	3369.98	-2789.7	-3835.82	3369.98	-2884.7
28.4	-4004.7	3418.78	-2421.12	-4004.7	3418.78	-2516.12
28.5	-4028.43	3271.42	-2556.18	-4028.43	3271.42	-2651.18
28.6	-4018.05	3215.21	-2449.05	-4018.05	3215.21	-2544.05
28.7	-4345.4	3140.04	-2940.94	-4345.4	3140.04	-3035.94
28.8	-4304.58	3072.21	-3769.36	-4304.58	3072.21	-3864.36
28.9	-4417.74	3122.78	-4066.49	-4417.74	3122.78	-4161.49
29	-4422.97	3121.69	-3822.18	-4422.97	3121.69	-3917.18
29.1	-4488.05	3141.04	-3771.42	-4488.05	3141.04	-3866.42
29.2	-4533.75	3279.44	-3622.9	-4533.75	3279.44	-3717.9
29.3	-4576.59	3403.15	-4155.78	-4576.59	3403.15	-4250.78
29.4	-4296.07	3232.92	-3497.29	-4296.07	3232.92	-3592.29
29.5	-4170.42	3140.67	-2358.76	-4170.42	3140.67	-2453.76
29.6	-4206.62	2886.04	-2287.22	-4206.62	2886.04	-2382.22
29.7	-4475.95	3153.79	-1951.51	-4475.95	3153.79	-2046.51
29.8	-4785.5	3238.29	-2261.26	-4785.5	3238.29	-2356.26
29.9	-4673.61	3237.39	-1874.6	-4673.61	3237.39	-1969.6
30	-4800.2	3426.8	-1958.73	-4800.2	3426.8	-2053.73
30.1	-4870.29	3464.17	-1877.22	-4870.29	3464.17	-1972.22
30.2	-5011.49	3433.2	-1544.87	-5011.49	3433.2	-1639.87
30.3	-5378.13	3524.93	-1455.02	-5378.13	3524.93	-1550.02
30.4	-5592.32	3706.18	-2165.54	-5592.32	3706.18	-2260.54
30.5	-5604.09	3890.69	-1946.6	-5604.09	3890.69	-2041.6
30.6	-5445.58	3955.74	-1999.16	-5445.58	3955.74	-2094.16
30.7	-5761.54	3921.03	-1404.44	-5761.54	3921.03	-1499.44
30.8	-5887.06	4186.55	-1835.48	-5887.06	4186.55	-1930.48
30.9	-6310.84	4442.58	-1791.97	-6310.84	4442.58	-1886.97
31	-6391.84	4496.47	-1791.18	-6391.84	4496.47	-1886.18
31.1	-6425.01	4355.78	-1542.4	-6425.01	4355.78	-1637.4
31.2	-6521.14	4170.12	-1703.78	-6521.14	4170.12	-1798.78
31.3	-6385.93	4152.06	-2083.25	-6385.93	4152.06	-2178.25
31.4	-6362.44	4262.88	-1332.16	-6362.44	4262.88	-1427.16
31.5	-6257.57	4321.95	-956.1	-6257.57	4321.95	-1051.1
31.6	-6307.42	4270.17	-1075.65	-6307.42	4270.17	-1170.65
31.7	-6331.69	4202.43	-1212.84	-6331.69	4202.43	-1307.84
31.8	-6591.81	4588.8	-1330.35	-6591.81	4588.8	-1425.35
31.9	-6487.58	4835.22	-1381.83	-6487.58	4835.22	-1476.83
32	-6687.14	5149.83	-853.259	-6687.14	5149.83	-948.259
32.1	-6841.77	5240.56	-1051.03	-6841.77	5240.56	-1146.03
32.2	-7032.56	5182.67	-697.091	-7032.56	5182.67	-792.091
32.3	-6939.56	5162.97	-798.733	-6939.56	5162.97	-893.733
32.4	-6908.9	4889.07	-747.561	-6908.9	4889.07	-842.561
32.5	-7157.62	4684.35	-1021.65	-7157.62	4684.35	-1116.65
32.6	-7248.68	4443.04	-442.16	-7248.68	4443.04	-537.16
32.7	-7206.37	4436.88	-317.606	-7206.37	4436.88	-412.606
32.8	-7018.99	4617.53	-371.054	-7018.99	4617.53	-466.054
32.9	-7022.36	4594.39	-340.689	-7022.36	4594.39	-435.689
33	-7158.61	4681.11	-945.31	-7158.61	4681.11	-1040.31
33.1	-7162.84	4552.29	-383.47	-7162.84	4552.29	-478.47
33.2	-7040.15	4494.84	-784.161	-7040.15	4494.84	-879.161
33.3	-6882.48	4750.08	-833.045	-6882.48	4750.08	-928.045
33.4	-6876.87	4630.75	-820.722	-6876.87	4630.75	-915.722
33.5	-6851.17	4710.74	-688.768	-6851.17	4710.74	-783.768
33.6	-6839.8	4771.72	-1195.28	-6839.8	4771.72	-1290.28
33.7	-6795.36	4640.45	-1347.71	-6795.36	4640.45	-1442.71
33.8	-6952.39	4331.05	-1664.13	-6952.39	4331.05	-1759.13
33.9	-7020.16	4782.72	-1993.52	-7020.16	4782.72	-2088.52
34	-7049.09	4942.53	-1869.09	-7049.09	4942.53	-1964.09
34.1	-7396.08	5368.16	-1461.55	-7396.08	5368.16	-1556.55
34.2	-7466.53	5475.74	-1078.43	-7466.53	5475.74	-1173.43
34.3	-7380.33	5538.55	-985.268	-7380.33	5538.55	-1080.27
34.4	-7322.42	5443	-902.114	-7322.42	5443	-997.114
34.5	-7236.41	5171.84	-1091.58	-7236.41	5171.84	-1186.58
34.6	-7083.6	5118.04	-687.952	-7083.6	5118.04	-782.952
34.7	-7176.07	4971.13	-1090.17	-7176.07	4971.13	-1185.17
34.8	-7123.93	4790.37	-385.669	-7123.93	4790.37	-480.669
34.9	-6997.86	4880.1	-185.163	-6997.86	4880.1	-280.163
35	-6907.9	4913.87	-549.66	-6907.9	4913.87	-644.66
35.1	-6936.81	4824.31	-759.711	-6936.81	4824.31	-854.711
35.2	-6846.26	5031.22	-753.368	-6846.26	5031.22	-848.368
35.3	-6796.17	4953.29	-588.581	-6796.17	4953.29	-683.581
35.4	-7054.74	5011.04	-468.831	-7054.74	5011.04	-563.831
35.5	-6972.27	4893.96	-155.517	-6972.27	4893.96	-250.517
35.6	-6977.28	5021.95	-1050.47	-6977.28	5021.95	-1145.47
35.7	-6919.09	4919.26	-557.046	-6919.09	4919.26	-652.046
35.8	-7021.51	4910.27	-1082.12	-7021.51	4910.27	-1177.12
35.9	-6912.02	4806.27	-653.711	-6912.02	4806.27	-748.711
36	-7009.37	4887.27	-1123.13	-7009.37	4887.27	-1218.13
36.1	-6800.97	4916.57	-1125.45	-6800.97	4916.57	-1220.45
36.2	-6824.64	4916.71	-1412.04	-6824.64	4916.71	-1507.04
36.3	-7009.71	4723.45	-2151.23	-7009.71	4723.45	-2246.23
36.4	-6943.92	4560.58	-2521.64	-6943.92	4560.58	-2616.64
36.5	-6830.81	4761.71	-2749.53	-6830.81	4761.71	-2844.53
36.6	-6875.2	4831.96	-3110.49	-6875.2	4831.96	-3205.49
36.7	-6711.41	4710.01	-3263.11	-6711.41	4710.01	-3358.11
36.8	-6831.8	4923.73	-3075.79	-6831.8	4923.73	-3170.79
36.9	-6607.27	4966.68	-3593.13	-6607.27	4966.68	-3688.13
37	-6763.68	4897.83	-3527.08	-6763.68	4897.83	-3622.08
37.1	-6247.49	5149.21	-3457.66	-6247.49	5149.21	-3552.66
37.2	-6074.24	5187.58	-3279.46	-6074.24	5187.58	-3374.46
37.3	-5967.48	5075.25	-3394.39	-5967.48	5075.25	-3489.39
37.4	-6052.65	5188.34	-2935.41	-6052.65	5188.34	-3030.41
37.5	-6149.26	4993.65	-3074.13	-6149.26	4993.65	-3169.13
37.6	-6197.9	4845.16	-3316.9	-6197.9	4845.16	-3411.9
37.7	-6192.38	4887.69	-2937.89	-6192.38	4887.69	-3032.89
37.8	-6106.79	4828.78	-2840.95	-6106.79	4828.78	-2935.95
37.9	-6501.36	5098.63	-2974.1	-6501.36	5098.63	-3069.1
38	-6449.78	5101.32	-3266.65	-6449.78	5101.32	-3361.65
38.1	-6476.87	5013.68	-3351.66	-6476.87	5013.68	-3446.66
38.2	-6398.77	5085.07	-3373.39	-6398.77	5085.07	-3468.39
38.3	-6591.67	4831.52	-4148.55	-6591.67	4831.52	-4243.55
38.4	-6815.25	4811.51	-3578.64	-6815.25	4811.51	-3673.64
38.5	-6611.82	4543.62	-3483.26	-6611.82	4543.62	-3578.26
38.6	-6960.53	4502.31	-3049.1	-6960.53	4502.31	-3144.1
38.7	-6811.91	4320.24	-2906.15	-6811.91	4320.24	-3001.15
38.8	-6518.04	4231.12	-3094.8	-6518.04	4231.12	-3189.8
38.9	-6333.95	4340.44	-3189.82	-6333.95	4340.44	-3284.82
39	-6729.93	4238.25	-2934.65	-6729.93	4238.25	-3029.65
39.1	-6994.9	4272.77	-2646.36	-6994.9	4272.77	-2741.36
39.2	-6758.18	4250.51	-2827.67	-6758.18	4250.51	-2922.67
39.3	-6827.48	4177.6	-2492.92	-6827.48	4177.6	-2587.92
39.4	-6962.28	3624.78	-1685.73	-6962.28	3624.78	-1780.73
39.5	-6693.08	3591.45	-1606.91	-6693.08	3591.45	-1701.91
39.6	-6688.08	3578.76	-1624.84	-6688.08	3578.76	-1719.84
39.7	-6471.18	3634.72	-1472.01	-6471.18	3634.72	-1567.01
39.8	-6639.73	3618.6	-1657.32	-6639.73	3618.6	-1752.32
39.9	-6548.75	3400.86	-1085.47	-6548.75	3400.86	-1180.47
40	-6439.13	3466.87	-976.592	-6439.13	3466.87	-1071.59
40.1	-6312.31	3167.53	-1378.89	-6312.31	3167.53	-1473.89
40.2	-6618.23	3152.26	-854.292	-6618.23	3152.26	-949.292
40.3	-6650.18	3056.04	-304.549	-6650.18	3056.04	-399.549
40.4	-6478.31	3248.09	-801.974	-6478.31	3248.09	-896.974
40.5	-6394.34	3208.66	-508.977	-6394.34	3208.66	-603.977
40.6	-6240.69	3320.34	-196.399	-6240.69	3320.34	-291.399
40.7	-6201.46	3085.38	309.662	-6201.46	3085.38	214.662
40.8	-6372.39	3269.99	169.166	-6372.39	3269.99	74.1656
40.9	-6736.68	3235.93	714.823	-6736.68	3235.93	619.823
41	-6849.67	2996.07	566.364	-6849.67	2996.07	471.364
41.1	-6818.8	3010.04	288.589	-6818.8	3010.04	193.589
41.2	-7030	3224.17	288.55	-7030	3224.17	193.55
41.3	-6857.74	3264.39	610.683	-6857.74	3264.39	515.683
41.4	-6727.67	3152.48	852.59	-6727.67	3152.48	757.59
41.5	-6415.07	3089.93	1293.3	-6415.07	3089.93	1198.3
41.6	-6653.69	3272.8	2118.51	-6653.69	3272.8	2023.51
41.7	-6736.9	3337.93	1452.39	-6736.9	3337.93	1357.39
41.8	-6596.59	2960.12	986.335	-6596.59	2960.12	891.335
41.9	-6463.35	2954.72	995.296	-6463.35	2954.72	900.296
42	-6444.23	2752.39	734.043	-6444.23	2752.39	639.043
42.1	-6354.62	2955.16	560.056	-6354.62	2955.16	465.056
42.2	-6264.52	3416	816.436	-6264.52	3416	721.436
42.3	-6216.51	3547.56	881.932	-6216.51	3547.56	786.932
42.4	-5916.04	3733.78	998.725	-5916.04	3733.78	903.725
42.5	-5513.78	3641.17	1332.25	-5513.78	3641.17	1237.25
42.6	-5356.37	3883.7	1274.92	-5356.37	3883.7	1179.92
42.7	-5151.71	3936.64	910.346	-5151.71	3936.64	815.346
42.8	-5247.59	3874.12	944.422	-5247.59	3874.12	849.422
42.9	-5487.88	3995.01	748.555	-5487.88	3995.01	653.555
43	-5498.08	4156.64	477.474	-5498.08	4156.64	382.474
43.1	-5561.54	3848.66	420.094	-5561.54	3848.66	325.094
43.2	-5528.08	3882.76	834.789	-5528.08	3882.76	739.789
43.3	-5727.47	3933.96	517.95	-5727.47	3933.96	422.95
43.4	-5774.06	4158.88	-51.722	-5774.06	4158.88	-146.722
43.5	-6037.72	4045.37	-64.7572	-6037.72	4045.37	-159.757
43.6	-6067.18	4183.2	-443.827	-6067.18	4183.2	-538.827
43.7	-5992.38	3861.9	-427.9	-5992.38	3861.9	-522.9
43.8	-6113.27	3580.85	-262.443	-6113.27	3580.85	-357.443
43.9	-5857.72	3558.17	-642.086	-5857.72	3558.17	-737.086
44	-5865.5	3549.97	-722.929	-5865.5	3549.97	-817.929
44.1	-5824.75	3786	-264.84	-5824.75	3786	-359.84
44.2	-5833.09	3758.53	-664.187	-5833.09	3758.53	-759.187
44.3	-6204.46	3903.52	-696.36	-6204.46	3903.52	-791.36
44.4	-6067.47	3818.94	-614.595	-6067.47	3818.94	-709.595
44.5	-6050.93	3835.41	-607.735	-6050.93	3835.41	-702.735
44.6	-5987.54	3505.36	-1187.44	-5987.54	3505.36	-1282.44
44.7	-5960.45	3495.84	-1110.13	-5960.45	3495.84	-1205.13
44.8	-5842.49	3709.97	-1464.69	-5842.49	3709.97	-1559.69
44.9	-5772.13	3874.66	-1762.53	-5772.13	3874.66	-1857.53
45	-5471.66	3736.04	-2516.79	-5471.66	3736.04	-2611.79
45.1	-5677.15	3857.83	-2570.29	-5677.15	3857.83	-2665.29
45.2	-5742.52	3558.69	-2580.83	-5742.52	3558.69	-2675.83
45.3	-5385.58	3548.63	-2268.19	-5385.58	3548.63	-2363.19
45.4	-5291.36	3536.03	-2486.08	-5291.36	3536.03	-2581.08
45.5	-5242.5	3336.62	-2617.45	-5242.5	3336.62	-2712.45
45.6	-5151.76	3387.08	-2625.19	-5151.76	3387.08	-2720.19
45.7	-4851.11	3017.66	-2995.93	-4851.11	3017.66	-3090.93
45.8	-4654.84	2953.49	-3535.06	-4654.84	2953.49	-3630.06
45.9	-4518.94	2905.25	-2882.86	-4518.94	2905.25	-2977.86
46	-4898.38	3026.65	-2938.47	-4898.38	3026.65	-3033.47
46.1	-4827.64	2878.66	-3108.86	-4827.64	2878.66	-3203.86
46.2	-4782.43	2696.16	-3584.02	-4782.43	2696.16	-3679.02
46.3	-4910.31	2743.31	-3569.83	-4910.31	2743.31	-3664.83
46.4	-4887.3	2873.05	-3717.01	-4887.3	2873.05	-3812.01
46.5	-4614.74	3177.54	-3395.79	-4614.74	3177.54	-3490.79
46.6	-4621.64	3102.17	-3170.78	-4621.64	3102.17	-3265.78
46.7	-4591.56	3010.02	-2981.98	-4591.56	3010.02	-3076.98
46.8	-4627.09	3235.79	-2914.54	-4627.09	3235.79	-3009.54
46.9	-4384.42	3123.85	-2694.71	-4384.42	3123.85	-2789.71
47	-4505.73	3440.96	-2941.33	-4505.73	3440.96	-3036.33
47.1	-4329.21	3115.02	-3312.18	-4329.21	3115.02	-3407.18
47.2	-4241.85	3334.15	-3095.95	-4241.85	3334.15	-3190.95
47.3	-4230.59	3270.45	-2977.06	-4230.59	3270.45	-3072.06
47.4	-4039.6	3304.12	-3248.21	-4039.6	3304.12	-3343.21
47.5	-3500.89	3317.93	-3168.67	-3500.89	3317.93	-3263.67
47.6	-3542.24	3270.04	-3129.22	-3542.24	3270.04	-3224.22
47.7	-3841.48	3158.14	-2455.1	-3841.48	3158.14	-2550.1
47.8	-3847.37	2975.84	-2091.82	-3847.37	2975.84	-2186.82
47.9	-3661.1	2926.81	-1905.14	-3661.1	2926.81	-2000.14
48	-3624.69	3193.86	-1521.5	-3624.69	3193.86	-1616.5
48.1	-3565.56	3114.32	-1837.81	-3565.56	3114.32	-1932.81
48.2	-3250.17	3168.31	-1789.79	-3250.17	3168.31	-1884.79
48.3	-3409.23	3225.01	-1954.83	-3409.23	3225.01	-2049.83
48.4	-3407.11	3303.99	-2087.54	-3407.11	3303.99	-2182.54
48.5	-3710.49	3455.54	-1855.55	-3710.49	3455.54	-1950.55
48.6	-3779.15	3480.73	-1650.27	-3779.15	3480.73	-1745.27
48.7	-3723.68	3637.13	-1825.23	-3723.68	3637.13	-1920.23
48.8	-3688.93	3346.52	-2572.22	-3688.93	3346.52	-2667.22
48.9	-3478.72	3094.82	-2753.6	-3478.72	3094.82	-2848.6
49	-3537.73	3192.17	-3275.02	-3537.73	3192.17	-3370.02
49.1	-3193.53	3138.17	-3171.44	-3193.53	3138.17	-3266.44
49.2	-3129.14	3204.87	-2687.17	-3129.14	3204.87	-2782.17
49.3	-3118.84	3343.41	-3276.71	-3118.84	3343.41	-3371.71
49.4	-3377.45	3346.73	-3480.82	-3377.45	3346.73	-3575.82
49.5	-3435.67	3320.89	-3306.44	-3435.67	3320.89	-3401.44
49.6	-3291.43	3266.46	-3972.07	-3291.43	3266.46	-4067.07
49.7	-3176.93	3009.56	-4227.51	-3176.93	3009.56	-4322.51
49.8	-3012.52	2907.22	-4292.05	-3012.52	2907.22	-4387.05
49.9	-3279.78	2727.54	-4110.25	-3279.78	2727.54	-4205.25
50	-2987.97	2856.82	-4125.9	-2987.97	2856.82	-4220.9
50.1	-3032.94	2908.3	-4208.56	-3032.94	2908.3	-4303.56
50.2	-3000.43	2699.6	-4079.85	-3000.43	2699.6	-4174.85
50.3	-3244.46	2325.25	-4578.23	-3244.46	2325.25	-4673.23
50.4	-3302.31	2418.69	-4795.72	-3302.31	2418.69	-4890.72
50.5	-3545.33	2543.81	-4859.59	-3545.33	2543.81	-4954.59
50.6	-3237.24	2302.42	-4714.04	-3237.24	2302.42	-4809.04
50.7	-3167.04	2092.33	-5001.39	-3167.04	2092.33	-5096.39
50.8	-3122.78	1982.86	-5464.05	-3122.78	1982.86	-5559.05
50.9	-2965.27	1938.51	-5201.9	-2965.27	1938.51	-5296.9
51	-2788.1	1777.56	-4563.1	-2788.1	1777.56	-4658.1
51.1	-3014.07	1814.63	-3740.7	-3014.07	1814.63	-3835.7
51.2	-2996.89	1951.32	-3844.92	-2996.89	1951.32	-3939.92
51.3	-3064.09	2140.05	-3458.1	-3064.09	2140.05	-3553.1
51.4	-3080.05	1859.96	-3822.02	-3080.05	1859.96	-3917.02
51.5	-3092	2105.21	-3794.14	-3092	2105.21	-3889.14
51.6	-3496.59	1847.84	-3345.19	-3496.59	1847.84	-3440.19
51.7	-3658.7	1486.61	-3257.95	-3658.7	1486.61	-3352.95
51.8	-3681.08	1655.31	-3232.87	-3681.08	1655.31	-3327.87
51.9	-3750.28	1846.98	-3162.97	-3750.28	1846.98	-3257.97
52	-3846.38	2100.73	-2385.39	-3846.38	2100.73	-2480.39
52.1	-3542.37	2031.36	-2650.6	-3542.37	2031.36	-2745.6
52.2	-3341.11	2191.66	-2916.01	-3341.11	2191.66	-3011.01
52.3	-3116.21	2189.7	-2683.05	-3116.21	2189.7	-2778.05
52.4	-3358.56	2292.14	-2925.43	-3358.56	2292.14	-3020.43
52.5	-3427.8	2104.27	-2479.32	-3427.8	2104.27	-2574.32
52.6	-3376.98	2213.11	-2582.15	-3376.98	2213.11	-2677.15
52.7	-3524.93	2163.93	-2510.1	-3524.93	2163.93	-2605.1
52.8	-3346.77	2178.34	-3167.73	-3346.77	2178.34	-3262.73
52.9	-3265.94	1981.37	-3841.86	-3265.94	1981.37	-3936.86
53	-3142.2	2090.2	-3511.07	-3142.2	2090.2	-3606.07
53.1	-2957.64	1983.09	-3273.94	-2957.64	1983.09	-3368.94
53.2	-3062.2	1935.4	-3395.09	-3062.2	1935.4	-3490.09
53.3	-3294.92	1802.27	-3981.97	-3294.92	1802.27	-4076.97
53.4	-3241.77	1899.24	-3931.31	-3241.77	1899.24	-4026.31
53.5	-3158.03	1951.37	-3295.47	-3158.03	1951.37	-3390.47
53.6	-2996.66	1855.82	-3204.19	-2996.66	1855.82	-3299.19
53.7	-2975.81	1792.32	-3244.26	-2975.81	1792.32	-3339.26
53.8	-2848.42	1580.07	-2572.01	-2848.42	1580.07	-2667.01
53.9	-2705.58	1526.43	-2600.06	-2705.58	1526.43	-2695.06
54	-2604.35	1379.46	-2543.35	-2604.35	1379.46	-2638.35
54.1	-2403.52	1219.91	-2038.22	-2403.52	1219.91	-2133.22
54.2	-2742.63	1377.35	-1879.86	-2742.63	1377.35	-1974.86
54.3	-2818.52	1291.14	-1854.67	-2818.52	1291.14	-1949.67
54.4	-3151.88	1009.98	-1429.37	-3151.88	1009.98	-1524.37
54.5	-3193.92	677.953	-1161.37	-3193.92	677.953	-1256.37
54.6	-2827.95	674.461	-66.9511	-2827.95	674.461	-161.951
54.7	-2916.84	745.007	-831.097	-2916.84	745.007	-926.097
54.8	-3024.81	625.098	-238.259	-3024.81	625.098	-333.259
54.9	-3231.12	566.355	-605.482	-3231.12	566.355	-700.482
55	-3374.67	490.071	-875.083	-3374.67	490.071	-970.083
55.1	-3383.37	198.958	-1392.07	-3383.37	198.958	-1487.07
55.2	-3412.82	530.335	-1702.87	-3412.82	530.335	-1797.87
55.3	-3294.6	393.847	-1732.28	-3294.6	393.847	-1827.28
55.4	-3359.86	353.399	-2189.06	-3359.86	353.399	-2284.06
55.5	-3361.78	397.353	-2610.59	-3361.78	397.353	-2705.59
55.6	-3246.58	324.44	-3258.51	-3246.58	324.44	-3353.51
55.7	-3206.85	407.361	-3621.74	-3206.85	407.361	-3716.74
55.8	-3407.7	514.249	-3243.5	-3407.7	514.249	-3338.5
55.9	-3392.29	606.498	-3340.33	-3392.29	606.498	-3435.33
56	-3486.74	820.528	-3534.91	-3486.74	820.528	-3629.91
56.1	-3583.91	832.111	-3940.81	-3583.91	832.111	-4035.81
56.2	-3651.03	1369.86	-4238.36	-3651.03	1369.86	-4333.36
56.3	-3380.39	1568.87	-4984.48	-3380.39	1568.87	-5079.48
56.4	-3571.17	1778.12	-5146.55	-3571.17	1778.12	-5241.55
56.5	-3470.03	1781.85	-5256.35	-3470.03	1781.85	-5351.35
56.6	-3413.48	1791.62	-5511.27	-3413.48	1791.62	-5606.27
56.7	-3637.46	1750.56	-5115.89	-3637.46	1750.56	-5210.89
56.8	-3607.3	1852.2	-5601.27	-3607.3	1852.2	-5696.27
56.9	-3633.24	1822.78	-5379.28	-3633.24	1822.78	-5474.28
57	-3390.22	2108.02	-5192.75	-3390.22	2108.02	-5287.75
57.1	-3570.44	1842.33	-4292.37	-3570.44	1842.33	-4387.37
57.2	-3534.13	1821.02	-3551.67	-3534.13	1821.02	-3646.67
57.3	-3516.63	1543.33	-3324.16	-3516.63	1543.33	-3419.16
57.4	-3334.88	1910.68	-2669.01	-3334.88	1910.68	-2764.01
57.5	-3262.76	1783.12	-2860.98	-3262.76	1783.12	-2955.98
57.6	-2859.93	1792.8	-2831.6	-2859.93	1792.8	-2926.6
57.7	-3019.04	1584.88	-3260.05	-3019.04	1584.88	-3355.05
57.8	-2829.48	1624.57	-4285	-2829.48	1624.57	-4380
57.9	-2628.41	1661.29	-3748.54	-2628.41	1661.29	-3843.54
58	-2602.53	1859.01	-3235.78	-2602.53	1859.01	-3330.78
58.1	-2531.69	2146.27	-2717.14	-2531.69	2146.27	-2812.14
58.2	-2408.64	2191.58	-2821.03	-2408.64	2191.58	-2916.03
58.3	-2172.36	2316.72	-3065.11	-2172.36	2316.72	-3160.11
58.4	-2349.22	2644.16	-3261.09	-2349.22	2644.16	-3356.09
58.5	-2293	2643.61	-2813.55	-2293	2643.61	-2908.55
58.6	-2385.26	2654.06	-2715.17	-2385.26	2654.06	-2810.17
58.7	-2493.82	2840.62	-2781.83	-2493.82	2840.62	-2876.83
58.8	-2231.39	2525.17	-3294.99	-2231.39	2525.17	-3389.99
58.9	-2065.28	2209.56	-2992.07	-2065.28	2209.56	-3087.07
59	-2207.65	2263.31	-3150.58	-2207.65	2263.31	-3245.58
59.1	-2150.09	2414.1	-3393.9	-2150.09	2414.1	-3488.9
59.2	-2338.7	2490.12	-3584.44	-2338.7	2490.12	-3679.44
59.3	-1924.35	2574.72	-3539.42	-1924.35	2574.72	-3634.42
59.4	-2008.88	2519.48	-3481.6	-2008.88	2519.48	-3576.6
59.5	-2033.72	2471.01	-3078.33	-2033.72	2471.01	-3173.33
59.6	-1852.57	2374.5	-3101.38	-1852.57	2374.5	-3196.38
59.7	-1828.9	2397.47	-2576.12	-1828.9	2397.47	-2671.12
59.8	-1940.57	2197.48	-2941.45	-1940.57	2197.48	-3036.45
59.9	-2163.2	2556.22	-2721.23	-2163.2	2556.22	-2816.23
60	-2295.83	2832.75	-3053.59	-2295.83	2832.75	-3148.59
60.1	-2317.33	2727.63	-2714.6	-2317.33	2727.63	-2809.6
60.2	-2081.68	2829.94	-3236.06	-2081.68	2829.94	-3331.06
60.3	-2361.37	2749.83	-3149.73	-2361.37	2749.83	-3244.73
60.4	-2108.42	2582.46	-2768.81	-2108.42	2582.46	-2863.81
60.5	-2236.54	2456.46	-1711.12	-2236.54	2456.46	-1806.12
60.6	-2285.58	2705.93	-1385.54	-2285.58	2705.93	-1480.54
60.7	-2478.86	2897.62	-787.767	-2478.86	2897.62	-882.767
60.8	-2729.45	2699.91	-591.176	-2729.45	2699.91	-686.176
60.9	-2389.3	2712.11	-664.89	-2389.3	2712.11	-759.89
61	-2342.53	2727.01	-1064.42	-2342.53	2727.01	-1159.42
61.1	-2419.79	2846.56	-628.211	-2419.79	2846.56	-723.211
61.2	-2415.97	2919.23	-390.703	-2415.97	2919.23	-485.703
61.3	-2301.27	3008.65	-334.655	-2301.27	3008.65	-429.655
61.4	-2257.64	2913.39	177.885	-2257.64	2913.39	82.8848
61.5	-2102.87	3068.04	-160.005	-2102.87	3068.04	-255.005
61.6	-2491.98	2910.13	-21.4824	-2491.98	2910.13	-116.482
61.7	-2490.99	2836.04	541.891	-2490.99	2836.04	446.891
61.8	-2448.33	2988	680.469	-2448.33	2988	585.469
61.9	-2765.8	3095.81	362.787	-2765.8	3095.81	267.787
62	-2753.68	3299.02	-131.094	-2753.68	3299.02	-226.094
62.1	-2743.18	3351.51	186.147	-2743.18	3351.51	91.1474
62.2	-2857.3	3153.42	-53.2354	-2857.3	3153.42	-148.235
62.3	-2457.41	3318.5	-134.696	-2457.41	3318.5	-229.696
62.4	-2398.72	3119.89	-109.377	-2398.72	3119.89	-204.377
62.5	-2299.17	3034.31	-77.8575	-2299.17	3034.31	-172.857
62.6	-2406.42	2976.35	-163.423	-2406.42	2976.35	-258.423
62.7	-2609.8	2781.51	-272.568	-2609.8	2781.51	-367.568
62.8	-2620.04	2795.36	-285.413	-2620.04	2795.36	-380.413
62.9	-2809.49	2582.24	-211.703	-2809.49	2582.24	-306.703
63	-2942.48	2635.68	-716.307	-2942.48	2635.68	-811.307
63.1	-2637.39	2432.47	-409.755	-2637.39	2432.47	-504.755
63.2	-2748.35	2458.94	-616.258	-2748.35	2458.94	-711.258
63.3	-3067.77	2401.86	-698.786	-3067.77	2401.86	-793.786
63.4	-2906.36	2435.5	-857.755	-2906.36	2435.5	-952.755
63.5	-3047.37	2522.58	-528.873	-3047.37	2522.58	-623.873
63.6	-2966.49	2709.89	-699.692	-2966.49	2709.89	-794.692
63.7	-3047.71	2883.44	-823.201	-3047.71	2883.44	-918.201
63.8	-3081.62	3313.85	-1146.83	-3081.62	3313.85	-1241.83
63.9	-3101.96	3319.97	-1381.73	-3101.96	3319.97	-1476.73
64	-2883.41	3307.05	-1494.05	-2883.41	3307.05	-1589.05
64.1	-2630.35	3487.83	-1276.26	-2630.35	3487.83	-1371.26
64.2	-2607.37	3586.02	-1306.07	-2607.37	3586.02	-1401.07
64.3	-2853.46	3878.16	-1122.12	-2853.46	3878.16	-1217.12
64.4	-2695.37	3703.05	-693.479	-2695.37	3703.05	-788.479
64.5	-2763.87	3575.35	-216.993	-2763.87	3575.35	-311.993
64.6	-2705.28	3628.63	191.244	-2705.28	3628.63	96.2443
64.7	-2671.74	3919.26	-229.313	-2671.74	3919.26	-324.313
64.8	-3051.03	3597.23	439.64	-3051.03	3597.23	344.64
64.9	-2756.27	3471.15	387.988	-2756.27	3471.15	292.988
65	-2794.17	3241.08	550.572	-2794.17	3241.08	455.572
65.1	-2853.21	3284.6	396.412	-2853.21	3284.6	301.412
65.2	-2671.96	3069.1	458.489	-2671.96	3069.1	363.489
65.3	-3043.43	2944.43	573.658	-3043.43	2944.43	478.658
65.4	-3178.28	2855.11	619.663	-3178.28	2855.11	524.663
65.5	-3191.39	2990.91	843.249	-3191.39	2990.91	748.249
65.6	-3051.14	2758.83	972.409	-3051.14	2758.83	877.409
65.7	-2886	2680.34	1510.09	-2886	2680.34	1415.09
65.8	-2784.58	2933.96	1538.71	-2784.58	2933.96	1443.71
65.9	-2662.25	2951.54	1342.07	-2662.25	2951.54	1247.07
66	-2670.46	3439.87	1159.33	-2670.46	3439.87	1064.33
66.1	-2678.62	3186.97	850.551	-2678.62	3186.97	755.551
66.2	-2751.68	2976.86	1308.62	-2751.68	2976.86	1213.62
66.3	-2610.28	3219.65	1133.32	-2610.28	3219.65	1038.32
66.4	-2606.93	2948	1470.83	-2606.93	2948	1375.83
66.5	-2769.66	2781.38	2028.55	-2769.66	2781.38	1933.55
66.6	-2766.53	2801.27	1504.23	-2766.53	2801.27	1409.23
66.7	-2828.95	2540.02	1612.99	-2828.95	2540.02	1517.99
66.8	-3054.68	2716.26	2251.62	-3054.68	2716.26	2156.62
66.9	-2989.9	2683.43	2223.14	-2989.9	2683.43	2128.14
67	-2962.3	2495.18	2199.16	-2962.3	2495.18	2104.16
67.1	-3264.12	2496.87	1945.09	-3264.12	2496.87	1850.09
67.2	-3348.75	2845.37	1762.6	-3348.75	2845.37	1667.6
67.3	-3686.56	2843.72	1365.79	-3686.56	2843.72	1270.79
67.4	-3738.33	3042.81	1524.09	-3738.33	3042.81	1429.09
67.5	-4065.69	3098.96	1767.89	-4065.69	3098.96	1672.89
67.6	-4115.13	3264.64	1442.93	-4115.13	3264.64	1347.93
67.7	-4180.68	3013.06	815.022	-4180.68	3013.06	720.022
67.8	-4400.69	3119.47	1204.28	-4400.69	3119.47	1109.28
67.9	-4703.69	2927.02	1666.19	-4703.69	2927.02	1571.19
68	-4578.01	2950.88	1509.68	-4578.01	2950.88	1414.68
68.1	-4468.51	3094.68	1284.16	-4468.51	3094.68	1189.16
68.2	-4265.45	2857.86	1621.65	-4265.45	2857.86	1526.65
68.3	-4439.44	2520.48	1140.98	-4439.44	2520.48	1045.98
68.4	-4383.39	2582.83	909.415	-4383.39	2582.83	814.415
68.5	-4401.57	2269.97	1128.97	-4401.57	2269.97	1033.97
68.6	-4481.02	2380.31	1417.73	-4481.02	2380.31	1322.73
68.7	-4521.87	2227.96	1951.19	-4521.87	2227.96	1856.19
68.8	-4796.7	2091.27	1920.99	-4796.7	2091.27	1825.99
68.9	-4961.87	1877.36	1838.4	-4961.87	1877.36	1743.4
69	-4968.97	1478.98	1925.46	-4968.97	1478.98	1830.46
69.1	-4917.82	1424.21	2089.99	-4917.82	1424.21	1994.99
69.2	-5171.61	1513.82	2362.17	-5171.61	1513.82	2267.17
69.3	-4987.06	1514.64	2275.77	-4987.06	1514.64	2180.77
69.4	-4822.41	1672.87	2276.55	-4822.41	1672.87	2181.55
69.5	-4815.35	1471.2	2752.76	-4815.35	1471.2	2657.76
69.6	-4681.73	1447.2	3436.06	-4681.73	1447.2	3341.06
69.7	-4884.51	1491.63	3431.95	-4884.51	1491.63	3336.95
69.8	-4850.65	1452.89	3675.99	-4850.65	1452.89	3580.99
69.9	-5022.04	1486.75	3377.51	-5022.04	1486.75	3282.51
70	-5020.2	1228.21	3614.24	-5020.2	1228.21	3519.24
70.1	-4717.65	1077.7	3390.25	-4717.65	1077.7	3295.25
70.2	-4654.53	928.369	3438.33	-4654.53	928.369	3343.33
70.3	-4400.71	1014.3	3523.17	-4400.71	1014.3	3428.17
70.4	-4143.03	859.882	3093.89	-4143.03	859.882	2998.89
70.5	-4246.11	1095.56	3023.84	-4246.11	1095.56	2928.84
70.6	-4409.84	1052.58	2608.37	-4409.84	1052.58	2513.37
70.7	-4380.88	1209.12	2176.31	-4380.88	1209.12	2081.31
70.8	-4340.41	1207.17	2182.26	-4340.41	1207.17	2087.26
70.9	-4346.07	936.194	2884.6	-4346.07	936.194	2789.6
71	-4006.85	1074.56	2106.49	-4006.85	1074.56	2011.49
71.1	-3900.51	916.104	2214.12	-3900.51	916.104	2119.12
71.2	-3655.17	1115.55	2072.01	-3655.17	1115.55	1977.01
71.3	-3747.05	1133.62	1812.63	-3747.05	1133.62	1717.63
71.4	-3631.74	1009.59	2421.87	-3631.74	1009.59	2326.87
71.5	-3655.09	1052.08	2676.35	-3655.09	1052.08	2581.35
71.6	-3552.42	1083.07	2466.64	-3552.42	1083.07	2371.64
71.7	-3759.31	1228.66	2757.93	-3759.31	1228.66	2662.93
71.8	-3642.48	1288.47	2671.55	-3642.48	1288.47	2576.55
71.9	-3592.34	1340.61	2526.93	-3592.34	1340.61	2431.93
72	-3612.61	1368.64	2950.67	-3612.61	1368.64	2855.67
72.1	-3680.26	1423.49	3042.36	-3680.26	1423.49	2947.36
72.2	-3792.42	1447.76	3285.47	-3792.42	1447.76	3190.47
72.3	-3984.77	1393.81	2628.66	-3984.77	1393.81	2533.66
72.4	-4400.97	1251.85	3008.25	-4400.97	1251.85	2913.25
72.5	-4363.41	1383.79	2917.88	-4363.41	1383.79	2822.88
72.6	-4290.31	1006.28	2793.69	-4290.31	1006.28	2698.69
72.7	-4449.96	918.897	2570.52	-4449.96	918.897	2475.52
72.8	-4553.38	919.428	2558.43	-4553.38	919.428	2463.43
72.9	-4259.22	824.027	2126.18	-4259.22	824.027	2031.18
73	-4456.4	954.4	2165.43	-4456.4	954.4	2070.43
73.1	-4203.89	823.2	2004.31	-4203.89	823.2	1909.31
73.2	-4618.02	563.502	1331.91	-4618.02	563.502	1236.91
73.3	-4780.8	674.711	948.098	-4780.8	674.711	853.098
73.4	-5015.77	463.84	716.298	-5015.77	463.84	621.298
73.5	-4979.93	502.322	943.264	-4979.93	502.322	848.264
73.6	-4516.93	638.884	888.417	-4516.93	638.884	793.417
73.7	-4360.76	448.331	971.611	-4360.76	448.331	876.611
73.8	-4560.66	341.93	1255.5	-4560.66	341.93	1160.5
73.9	-4559.52	341.942	1304.66	-4559.52	341.942	1209.66
74	-4761.16	206.464	1017.4	-4761.16	206.464	922.4
74.1	-4905.47	233.279	884.198	-4905.47	233.279	789.198
74.2	-5006.84	275.373	549.662	-5006.84	275.373	454.662
74.3	-5145.09	246.7	612.413	-5145.09	246.7	517.413
74.4	-4894.65	582.826	399.502	-4894.65	582.826	304.502
74.5	-4850.56	504.753	-4.35118	-4850.56	504.753	-99.3512
74.6	-4701.28	743.681	65.672	-4701.28	743.681	-29.328
74.7	-4663.21	1063.95	334.12	-4663.21	1063.95	239.12
74.8	-5066.83	1351.14	652.188	-5066.83	1351.14	557.188
74.9	-5011.93	938.877	-320.439	-5011.93	938.877	-415.439
75	-4841.7	848.399	-357.366	-4841.7	848.399	-452.366
75.1	-5207.27	846.445	-581.439	-5207.27	846.445	-676.439
75.2	-5239.03	749.188	-98.0173	-5239.03	749.188	-193.017
75.3	-5025.09	910.16	-752.621	-5025.09	910.16	-847.621
75.4	-4775.51	1138.18	-1048.2	-4775.51	1138.18	-1143.2
75.5	-4509.04	1273.35	-1208.04	-4509.04	1273.35	-1303.04
75.6	-4503.28	1006.62	-1777.37	-4503.28	1006.62	-1872.37
75.7	-4116.68	1325.36	-1938.91	-4116.68	1325.36	-2033.91
75.8	-4107.68	995.991	-1718	-4107.68	995.991	-1813
75.9	-4463.16	1067.46	-1830.29	-4463.16	1067.46	-1925.29
76	-4136.64	1127.93	-1897.71	-4136.64	1127.93	-1992.71
76.1	-4168.55	1358.82	-2026.37	-4168.55	1358.82	-2121.37
76.2	-4466.33	1192.18	-2038.85	-4466.33	1192.18	-2133.85
76.3	-4283.16	1225.92	-1818.26	-4283.16	1225.92	-1913.26
76.4	-4217.57	785.989	-1790.2	-4217.57	785.989	-1885.2
76.5	-4430.84	951.833	-1301.73	-4430.84	951.833	-1396.73
76.6	-4469.33	727.509	-1547.01	-4469.33	727.509	-1642.01
76.7	-4751.68	948.742	-1621.48	-4751.68	948.742	-1716.48
76.8	-4694.65	1031.83	-2299.24	-4694.65	1031.83	-2394.24
76.9	-4956.1	1066.24	-2206.45	-4956.1	1066.24	-2301.45
77	-4890.53	1221.5	-2069.12	-4890.53	1221.5	-2164.12
77.1	-5113.45	1259.07	-2179.13	-5113.45	1259.07	-2274.13
77.2	-5298.65	1416.94	-2039.02	-5298.65	1416.94	-2134.02
77.3	-5558.37	1740.27	-1825.8	-5558.37	1740.27	-1920.8
77.4	-5513.44	1753.63	-1115.9	-5513.44	1753.63	-1210.9
77.5	-5666.06	1704.22	-1356.22	-5666.06	1704.22	-1451.22
77.6	-5765.56	1633.85	-899.631	-5765.56	1633.85	-994.631
77.7	-5826.83	1372.21	-1923.26	-5826.83	1372.21	-2018.26
77.8	-6037.9	1233.7	-2532.04	-6037.9	1233.7	-2627.04
77.9	-6128.14	1399.9	-2378.33	-6128.14	1399.9	-2473.33
78	-5972.64	1648.47	-2040.21	-5972.64	1648.47	-2135.21
78.1	-5772.51	1335.87	-1742.48	-5772.51	1335.87	-1837.48
78.2	-5699.31	1298.39	-2416.99	-5699.31	1298.39	-2511.99
78.3	-5793.76	1162.76	-2536.96	-5793.76	1162.76	-2631.96
78.4	-5770.79	1136.5	-2971.64	-5770.79	1136.5	-3066.64
78.5	-6171.54	1159.81	-2771.15	-6171.54	1159.81	-2866.15
78.6	-6283.28	1215.17	-2667.69	-6283.28	1215.17	-2762.69
78.7	-6340.99	1280.05	-2582.65	-6340.99	1280.05	-2677.65
78.8	-6017.77	1113.81	-2368.18	-6017.77	1113.81	-2463.18
78.9	-5899.79	1149.56	-2153.08	-5899.79	1149.56	-2248.08
79	-6150.04	1436.99	-1586.23	-6150.04	1436.99	-1681.23
79.1	-6477.11	1388.7	-1307.22	-6477.11	1388.7	-1402.22
79.2	-6221.23	1113.54	-923.652	-6221.23	1113.54	-1018.65
79.3	-6295.76	1062.88	-691.032	-6295.76	1062.88	-786.032
79.4	-6104.01	829.409	-566.045	-6104.01	829.409	-661.045
79.5	-5923.95	1016.57	-447.673	-5923.95	1016.57	-542.673
79.6	-5741.46	924.242	-338.001	-5741.46	924.242	-433.001
79.7	-6294.96	378.901	-346.608	-6294.96	378.901	-441.608
79.8	-6478.37	408.681	-279.617	-6478.37	408.681	-374.617
79.9	-6393.15	480.428	-181.849	-6393.15	480.428	-276.849
80	-6461.29	232.021	-72.6052	-6461.29	232.021	-167.605
80.1	-6463.66	57.019	-226.143	-6463.66	57.019	-321.143
80.2	-6238.67	-134.976	-669.281	-6238.67	-134.976	-764.281
80.3	-6485.09	16.5984	-378.772	-6485.09	16.5984	-473.772
80.4	-6596.59	139.661	-321.501	-6596.59	139.661	-416.501
80.5	-6467.82	186.248	-527.807	-6467.82	186.248	-622.807
80.6	-6377.74	-182.088	-48.3184	-6377.74	-182.088	-143.318
80.7	-6440.85	-36.5639	145.396	-6440.85	-36.5639	50.3963
80.8	-6452.89	263.765	168.206	-6452.89	263.765	73.2057
80.9	-6442.85	291.364	42.4959	-6442.85	291.364	-52.5041
81	-6210.8	176.784	760.325	-6210.8	176.784	665.325
81.1	-5870.53	261.119	902.72	-5870.53	261.119	807.72
81.2	-5805.97	692.141	1541.33	-5805.97	692.141	1446.33
81.3	-5828.35	509.52	882.639	-5828.35	509.52	787.639
81.4	-5926.6	504.689	1127.75	-5926.6	504.689	1032.75
81.5	-6009.18	437.33	1111.62	-6009.18	437.33	1016.62
81.6	-6004.43	517.438	1289.45	-6004.43	517.438	1194.45
81.7	-6047.87	477.715	1754.36	-6047.87	477.715	1659.36
81.8	-5876.87	617.162	1248.26	-5876.87	617.162	1153.26
81.9	-5916.34	595.994	1168.38	-5916.34	595.994	1073.38
82	-5637.16	722.394	844.336	-5637.16	722.394	749.336
82.1	-5391.81	1029.86	484.942	-5391.81	1029.86	389.942
82.2	-5380.73	1063.86	904.297	-5380.73	1063.86	809.297
82.3	-5449.79	1106.79	1117.96	-5449.79	1106.79	1022.96
82.4	-5551.37	1163.95	1119.57	-5551.37	1163.95	1024.57
82.5	-5648.91	1154.79	1728.43	-5648.91	1154.79	1633.43
82.6	-5487.06	617.554	1503.94	-5487.06	617.554	1408.94
82.7	-5178.28	796.633	1523.06	-5178.28	796.633	1428.06
82.8	-5542.41	832.395	1025.02	-5542.41	832.395	930.018
82.9	-5465.34	717.821	533.986	-5465.34	717.821	438.986
83	-5350.35	392.98	901.834	-5350.35	392.98	806.834
83.1	-5378.45	358.245	793.158	-5378.45	358.245	698.158
83.2	-5653.19	475.92	519.947	-5653.19	475.92	424.947
83.3	-5640.28	433.661	326.561	-5640.28	433.661	231.561
83.4	-5438.5	867.787	24.9656	-5438.5	867.787	-70.0344
83.5	-5114.96	1103.4	484.982	-5114.96	1103.4	389.982
83.6	-5290.18	721.723	-186.242	-5290.18	721.723	-281.242
83.7	-5376.09	913.227	-597.61	-5376.09	913.227	-692.61
83.8	-5332.08	1426.7	-359.787	-5332.08	1426.7	-454.787
83.9	-5783.41	1387.36	-1102.34	-5783.41	1387.36	-1197.34
84	-5904.37	1313.01	-1421.24	-5904.37	1313.01	-1516.24
84.1	-6073.83	1289.14	-1243.05	-6073.83	1289.14	-1338.05
84.2	-6198.71	1129.25	-885.275	-6198.71	1129.25	-980.275
84.3	-6046.99	772.668	-557.887	-6046.99	772.668	-652.887
84.4	-6053.97	934.285	-85.9478	-6053.97	934.285	-180.948
84.5	-5825.22	679.154	316.021	-5825.22	679.154	221.021
84.6	-6144.56	488.937	321.833	-6144.56	488.937	226.833
84.7	-6323.96	630.816	427.85	-6323.96	630.816	332.85
84.8	-6597.34	699.418	-21.2669	-6597.34	699.418	-116.267
84.9	-6405.71	692.207	-191.567	-6405.71	692.207	-286.567
85	-6982.4	894.799	51.7361	-6982.4	894.799	-43.2639
85.1	-6745.95	783.239	-736.541	-6745.95	783.239	-831.541
85.2	-6499.6	920.5	-1402.24	-6499.6	920.5	-1497.24
85.3	-6223.46	841.863	-1769.15	-6223.46	841.863	-1864.15
85.4	-6429.34	845.797	-1370.14	-6429.34	845.797	-1465.14
85.5	-6364.78	861.664	-1394.2	-6364.78	861.664	-1489.2
85.6	-6206.79	955.136	-1160.75	-6206.79	955.136	-1255.75
85.7	-6198.44	906.739	-913.416	-6198.44	906.739	-1008.42
85.8	-6228.34	694.634	-1024.72	-6228.34	694.634	-1119.72
85.9	-6270.77	607.619	-1299.37	-6270.77	607.619	-1394.37
86	-6726.41	486.6	-1899.51	-6726.41	486.6	-1994.51
86.1	-6461.48	275.279	-2786.6	-6461.48	275.279	-2881.6
86.2	-6467.52	328.778	-3244.06	-6467.52	328.778	-3339.06
86.3	-6651.13	428.976	-3366.96	-6651.13	428.976	-3461.96
86.4	-6593.51	455.937	-3352.65	-6593.51	455.937	-3447.65
86.5	-6424.45	568.955	-4045.74	-6424.45	568.955	-4140.74
86.6	-6566.9	264.633	-3487.98	-6566.9	264.633	-3582.98
86.7	-6824.45	114.888	-3835.55	-6824.45	114.888	-3930.55
86.8	-6977.44	-178.713	-3285.32	-6977.44	-178.713	-3380.32
86.9	-6927.52	178.362	-3380.13	-6927.52	178.362	-3475.13
87	-7155.96	319.889	-3791.57	-7155.96	319.889	-3886.57
87.1	-7088.04	474.374	-3971.84	-7088.04	474.374	-4066.84
87.2	-7313.4	307.488	-3540.08	-7313.4	307.488	-3635.08
87.3	-7127.38	25.0267	-4032.49	-7127.38	25.0267	-4127.49
87.4	-7131.6	75.7847	-4402.13	-7131.6	75.7847	-4497.13
87.5	-7134.4	-2.49055	-4145.11	-7134.4	-2.49055	-4240.11
87.6	-7400.75	-138.227	-4884.45	-7400.75	-138.227	-4979.45
87.7	-7275.16	-164.876	-4593.56	-7275.16	-164.876	-4688.56
87.8	-7096.73	-44.0679	-4575.05	-7096.73	-44.0679	-4670.05
87.9	-7359.13	178.96	-3930.69	-7359.13	178.96	-4025.69
88	-7173.36	-226.05	-3515.03	-7173.36	-226.05	-3610.03
88.1	-7235.69	-167.362	-3390.7	-7235.69	-167.362	-3485.7
88.2	-7123.39	-139.468	-3955.67	-7123.39	-139.468	-4050.67
88.3	-7202.86	-200.845	-4355.32	-7202.86	-200.845	-4450.32
88.4	-7494.62	-81.2242	-4010.16	-7494.62	-81.2242	-4105.16
88.5	-7317.64	168.305	-3991.14	-7317.64	168.305	-4086.14
88.6	-7505.39	56.3235	-3947.19	-7505.39	56.3235	-4042.19
88.7	-7605.55	28.4111	-4069.04	-7605.55	28.4111	-4164.04
88.8	-7436.37	10.7239	-3840.96	-7436.37	10.7239	-3935.96
88.9	-7608.38	181.446	-3727.23	-7608.38	181.446	-3822.23
89	-7583.5	92.4307	-3192.1	-7583.5	92.4307	-3287.1
89.1	-7483.38	387.632	-2906.65	-7483.38	387.632	-3001.65
89.2	-7473.71	-66.9296	-2712.42	-7473.71	-66.9296	-2807.42
89.3	-7305.13	-282.806	-2733.99	-7305.13	-282.806	-2828.99
89.4	-7405.66	-425.07	-2129.8	-7405.66	-425.07	-2224.8
89.5	-7638.46	-429.392	-2307.56	-7638.46	-429.392	-2402.56
89.6	-7608.02	-249.122	-2764.99	-7608.02	-249.122	-2859.99
89.7	-7742.03	-31.727	-2824.24	-7742.03	-31.727	-2919.24
89.8	-7592.86	-115.49	-2950.18	-7592.86	-115.49	-3045.18
89.9	-7562.01	-226.726	-2931.17	-7562.01	-226.726	-3026.17
90	-7605.09	-174.051	-2764.63	-7605.09	-174.051	-2859.63
90.1	-7902.05	-48.3094	-2875.93	-7902.05	-48.3094	-2970.93
90.2	-8092.73	60.9636	-2503.47	-8092.73	60.9636	-2598.47
90.3	-8446.97	465.188	-2144.14	-8446.97	465.188	-2239.14
90.4	-8526.17	427.307	-1753.36	-8526.17	427.307	-1848.36
90.5	-8763.41	180.907	-1775.26	-8763.41	180.907	-1870.26
90.6	-8854.51	105.74	-1665.51	-8854.51	105.74	-1760.51
90.7	-9021.83	245.379	-1730.66	-9021.83	245.379	-1825.66
90.8	-8846.56	79.2741	-2185.33	-8846.56	79.2741	-2280.33
90.9	-8710.14	-120.275	-2156.48	-8710.14	-120.275	-2251.48
91	-8612.14	197.061	-2340.67	-8612.14	197.061	-2435.67
91.1	-8691.55	487.771	-1922.77	-8691.55	487.771	-2017.77
91.2	-8510.42	329.388	-2217.53	-8510.42	329.388	-2312.53
91.3	-8427.3	436.217	-2720.86	-8427.3	436.217	-2815.86
91.4	-8658.02	293.008	-2746.5	-8658.02	293.008	-2841.5
91.5	-8769.83	242.513	-3234.68	-8769.83	242.513	-3329.68
91.6	-8812.75	229.859	-3294.07	-8812.75	229.859	-3389.07
91.7	-8854.22	77.5123	-3293.41	-8854.22	77.5123	-3388.41
91.8	-8825.09	245.915	-2607.09	-8825.09	245.915	-2702.09
91.9	-8729.19	405.017	-3104.21	-8729.19	405.017	-3199.21
92	-8670.82	315.842	-2906.32	-8670.82	315.842	-3001.32
92.1	-8626.74	621.22	-3234.46	-8626.74	621.22	-3329.46
92.2	-8738.81	652.002	-3382.42	-8738.81	652.002	-3477.42
92.3	-8738.22	658.209	-3826.9	-8738.22	658.209	-3921.9
92.4	-8765.65	592.606	-3492.13	-8765.65	592.606	-3587.13
92.5	-8680.94	558.231	-3575.11	-8680.94	558.231	-3670.11
92.6	-8567.88	284.058	-3001.94	-8567.88	284.058	-3096.94
92.7	-8781.17	183.747	-3559.02	-8781.17	183.747	-3654.02
92.8	-8749.17	274.991	-3164.79	-8749.17	274.991	-3259.79
92.9	-8853.88	27.1971	-3348.47	-8853.88	27.1971	-3443.47
93	-8797.53	85.1802	-3590.78	-8797.53	85.1802	-3685.78
93.1	-9278.57	101.677	-3808.99	-9278.57	101.677	-3903.99
93.2	-9110.64	-22.4636	-3943.52	-9110.64	-22.4636	-4038.52
93.3	-9197.44	-7.29507	-3490.18	-9197.44	-7.29507	-3585.18
93.4	-9148.28	110.49	-3588.29	-9148.28	110.49	-3683.29
93.5	-9321.66	-263.319	-3383.03	-9321.66	-263.319	-3478.03
93.6	-9410.73	-164.701	-3121.93	-9410.73	-164.701	-3216.93
93.7	-9177.38	-204.028	-3587.38	-9177.38	-204.028	-3682.38
93.8	-8982.03	-462.883	-3511.73	-8982.03	-462.883	-3606.73
93.9	-8963.56	-395.029	-3926.9	-8963.56	-395.029	-4021.9
94	-8767.56	-510.006	-3959.39	-8767.56	-510.006	-4054.39
94.1	-8754.36	-639.907	-3278.72	-8754.36	-639.907	-3373.72
94.2	-8537.15	-635.42	-2807.28	-8537.15	-635.42	-2902.28
94.3	-8199.68	-775.445	-2164.67	-8199.68	-775.445	-2259.67
94.4	-7944.63	-1018.52	-2695.61	-7944.63	-1018.52	-2790.61
94.5	-8232.65	-1176.8	-3289.77	-8232.65	-1176.8	-3384.77
94.6	-8333.09	-1031	-3558.33	-8333.09	-1031	-3653.33
94.7	-8719.37	-1273.41	-3869.58	-8719.37	-1273.41	-3964.58
94.8	-8592.7	-1317.5	-3727.67	-8592.7	-1317.5	-3822.67
94.9	-8639.43	-1271.77	-3431.95	-8639.43	-1271.77	-3526.95
95	-8672.6	-1031.88	-3283.69	-8672.6	-1031.88	-3378.69
95.1	-8416.64	-962.098	-2662.64	-8416.64	-962.098	-2757.64
95.2	-8167.08	-812.728	-3080.63	-8167.08	-812.728	-3175.63
95.3	-8378.1	-839.225	-2602.79	-8378.1	-839.225	-2697.79
95.4	-8177.67	-677.462	-2890.99	-8177.67	-677.462	-2985.99
95.5	-8267.49	-681.164	-2718.95	-8267.49	-681.164	-2813.95
95.6	-8176.62	-810.429	-2314.27	-8176.62	-810.429	-2409.27
95.7	-8445.6	-865.742	-1764.23	-8445.6	-865.742	-1859.23
95.8	-8360.42	-1032.76	-1900.46	-8360.42	-1032.76	-1995.46
95.9	-8640.58	-807.502	-1963.98	-8640.58	-807.502	-2058.98
96	-8285.6	-962.401	-1901.98	-8285.6	-962.401	-1996.98
96.1	-8191.02	-888.826	-2381.4	-8191.02	-888.826	-2476.4
96.2	-8200.44	-882.088	-2882.22	-8200.44	-882.088	-2977.22
96.3	-7923.08	-1027.45	-2676.35	-7923.08	-1027.45	-2771.35
96.4	-8105.49	-1086.97	-2696.3	-8105.49	-1086.97	-2791.3
96.5	-8049.07	-1025.33	-2885.61	-8049.07	-1025.33	-2980.61
96.6	-8040.54	-677.538	-2469.22	-8040.54	-677.538	-2564.22
96.7	-7939.77	-902.633	-2712.94	-7939.77	-902.633	-2807.94
96.8	-8063.2	-713.645	-2529.53	-8063.2	-713.645	-2624.53
96.9	-7844.93	-932.95	-1807.79	-7844.93	-932.95	-1902.79
97	-7901.92	-976.265	-976.645	-7901.92	-976.265	-1071.64
97.1	-7994.09	-1101.05	-1243.03	-7994.09	-1101.05	-1338.03
97.2	-7924.77	-835.958	-1754.5	-7924.77	-835.958	-1849.5
97.3	-7811.46	-923.034	-1896.77	-7811.46	-923.034	-1991.77
97.4	-7730.79	-539.452	-2171.07	-7730.79	-539.452	-2266.07
97.5	-7679.88	-495.131	-1793.22	-7679.88	-495.131	-1888.22
97.6	-7620.74	-195.81	-2024.39	-7620.74	-195.81	-2119.39
97.7	-7679.29	-288.073	-1943.14	-7679.29	-288.073	-2038.14
97.8	-7781.99	-337.089	-2500.5	-7781.99	-337.089	-2595.5
97.9	-7762.73	-515.016	-2212.04	-7762.73	-515.016	-2307.04
98	-7672.56	-174.364	-2302.57	-7672.56	-174.364	-2397.57
98.1	-7661.47	-197.673	-1817.42	-7661.47	-197.673	-1912.42
98.2	-7654.97	-288.243	-1668.47	-7654.97	-288.243	-1763.47
98.3	-7612.62	-359.987	-1363.34	-7612.62	-359.987	-1458.34
98.4	-7693.02	-561.734	-1053.21	-7693.02	-561.734	-1148.21
98.5	-7511.22	-691.497	-1144.48	-7511.22	-691.497	-1239.48
98.6	-7595.98	-862.69	-1251.82	-7595.98	-862.69	-1346.82
98.7	-7731.83	-805.86	-959.087	-7731.83	-805.86	-1054.09
98.8	-7451.21	-648.01	-613.966	-7451.21	-648.01	-708.966
98.9	-7487.33	-687.888	-285.428	-7487.33	-687.888	-380.428
99	-7218	-798.729	-639.701	-7218	-798.729	-734.701
99.1	-7247.75	-875.002	-132.313	-7247.75	-875.002	-227.313
99.2	-6993.98	-916.561	241.732	-6993.98	-916.561	146.732
99.3	-7125.07	-958.87	423.907	-7125.07	-958.87	328.907
99.4	-7374.02	-963.174	690.361	-7374.02	-963.174	595.361
99.5	-7051.98	-1144.47	568.775	-7051.98	-1144.47	473.775
99.6	-7126.38	-1132.04	-67.0742	-7126.38	-1132.04	-162.074
99.7	-7202.09	-729.764	93.9363	-7202.09	-729.764	-1.06373
99.8	-7133.31	-648.623	-4.50482	-7133.31	-648.623	-99.5048
99.9	-7256.41	-439.805	-384.036	-7256.41	-439.805	-479.036
